******************************************************

trainingErrorofBestEpoch
2.67057e-05 
0.00199734 
-0.00152765 
0.00752574 
0.000979692 
-0.0429686 
-0.022328 
0.00053139 
-0.000867221 
-0.0270755 
0.00850021 
0.0113962 
0.0102357 
-0.0166054 
-0.0215957 
0.00711244 
-0.0125494 
0.0048841 
0.0112525 
-0.00416783 
0.0261333 
-0.0208253 
-0.0093551 
-0.00754883 
0.0579465 
0.045277 
-0.0204571 
0.30207 
-0.046986 
-0.0290845 
-0.00646557 
-0.0167966 
-0.0133459 
0.0296238 
-0.0214552 
-0.0487476 
0.155262 
-0.0376709 
-0.0547381 
-0.0297335 
-0.0501397 
0.00666817 
0.355007 
-0.0469251 
-0.00342026 
-0.0484539 
-0.0269463 
-0.0339339 
-0.042756 
-0.0339187 
0.219155 
-0.0385634 
-0.0234927 
-0.0455451 
-0.0296914 
-0.011521 
0.395609 
-0.0403758 
-0.0564514 
-0.0533238 
-0.0554988 
-0.0504667 
0.00184454 
0.012294 
0.035825 
-0.020666 
-0.0299656 
-0.0341385 
-0.0474508 
-0.0439817 
-0.0340924 
-0.0328206 
-0.0428939 
-0.0224715 
0.232843 
0.0142226 
-0.032817 
-0.0482644 
-0.014133 
-0.0435712 
-0.0367792 
0.222369 
-0.0234942 
-0.0473748 
0.0282984 
-0.0506684 
0.1032 
-0.0543181 
0.0134481 
-0.0519894 
-0.0470401 
-0.00359678 
0.00778552 
0.0323268 
0.00421971 
-0.0340891 
-0.0228307 
-0.0333739 
-0.0284806 
-0.0412953 
0.308794 
-0.0529939 
-0.041927 
-0.0173289 
-0.0280953 
-0.0488559 
-0.0189143 
-0.0191411 
-0.0190135 
-0.0370481 
-0.00568164 
-0.0464035 
0.202809 
-0.00629551 
-0.0146923 
0.0271901 
-0.0475265 
-0.0425007 
-0.0298353 
-0.0400759 
-0.0395152 
-0.0319832 
0.088034 
-0.0192384 
0.228326 
0.0154296 
-0.0323946 
-0.0224107 
0.0209032 
-0.0513373 
0.0109713 
-0.0383447 
-0.0488825 
-0.0139658 
-0.0396021 
-0.0190511 
-0.0448478 
0.0112753 
-0.0427206 
-0.034361 
-0.0256877 
-0.0380873 
0.206518 
-0.0408242 
-0.00651647 
0.368925 
0.158709 
-0.0656682 
-0.050138 
-0.0449686 
-0.0449257 
-0.0638886 
-0.0516277 
-0.0551951 
-0.0106837 
-0.0321653 
0.239332 
-0.0200842 
0.166898 
-0.0395424 
-0.0567614 
0.0314001 
-0.0493893 
-0.0423473 
-0.0453996 
0.00343993 
-0.023924 
0.0377514 
-0.0332827 
-0.0507125 
0.0117834 
-0.0293927 
-0.0436353 
-0.0357397 
-0.046413 
0.00657542 
-0.0300139 
0.213052 
-0.0614796 
-0.0401529 
-0.0474408 
-0.038476 
-0.042497 
-0.0328258 
0.216933 
-0.0513645 
-0.0217738 
-0.0185346 
-0.0459501 
0.111119 
-0.0417761 
-0.0051437 
-0.0352799 
-0.0461702 
0.00705282 
-0.0520372 
0.0289562 
-0.0473083 
-0.0419705 
-0.0227811 
-0.0353927 
-0.0268761 
-0.0435828 
-0.011532 
-0.0319133 
-0.0335158 
0.0128953 
-0.0124236 
-0.0433031 
0.0648724 
-0.00840503 
-0.00882142 
-0.0354676 
0.00380599 
-0.034508 
-0.0258599 
0.00606752 
-0.0352231 
0.0447683 
-0.0309385 
-0.011589 
-0.0281267 
-0.029732 
-0.0322809 
-0.029356 
0.103139 
-0.00525969 
-0.0136955 
0.025533 
-0.0349209 
-0.0150856 
-0.0391039 
0.310949 
0.00592296 
-0.0219607 
-0.0460219 
-0.03539 
-0.0264727 
-0.023639 
0.0183537 
0.0211652 
-0.03512 
-0.0287103 
-0.03096 
-0.0207836 
0.238522 
-0.0339169 
-0.0135235 
-0.0236305 
-0.024595 
-0.0246223 
-0.00603454 
-0.0196972 
0.0147035 
-0.0113292 
-0.011754 
0.0138077 
0.0188105 
-0.0355468 
0.208282 
-0.013399 
-0.0220507 
-0.0143833 
0.0196476 
0.0383303 
-0.0491746 
0.071404 
-0.0168506 
-0.0132599 
-0.0107878 
0.0830672 
-0.0243921 
-0.0352872 
0.109673 
0.00109348 
0.0165646 
-0.0145832 
-0.0664871 
-0.0311553 
-0.0215847 
-0.0170108 
-0.0602247 
0.186219 
0.0774788 
-0.016685 
-6.66322e-05 
-0.027702 
0.0036452 
-0.0227414 
-0.0241205 
0.256565 
-0.0245961 
-0.0148964 
-0.021542 
-0.0402153 
-0.0368807 
-0.0195215 
0.479164 
-0.0486915 
-0.0362175 
0.00844634 
-0.0541134 
-0.023144 
-0.0235309 
-0.0322012 
0.0493584 
-0.035108 
-0.0100566 
-0.0549633 
0.0993464 
-0.0198249 
0.00572971 
-0.0469127 
-0.0500666 
-0.0397773 
-0.0229028 
-0.00784386 
-0.0398736 
-0.0359098 
-0.0398689 
-0.0364255 
-0.0226931 
-0.0553067 
-0.0145649 
-0.0467266 
-0.0500764 
-0.0420385 
-0.0400124 
-0.0247267 
-0.0121043 
-0.00644727 
-0.0139524 
-0.0216153 
-0.0305352 
-0.0273913 
0.292128 
0.0566072 
-0.035873 
-0.0238508 
0.00365442 
0.0389378 
-0.00580444 
0.0133263 
-0.0393052 
-0.0334781 
0.0084052 
0.263406 
-0.0329778 
-0.0230956 
-0.00394547 
-0.00605589 
0.0430615 
-0.0557574 
-0.03346 
-0.0112253 
-0.034826 
0.00731513 
0.213771 
0.0731806 
0.0315592 
0.298804 
-0.0299925 
0.00617015 
0.0258878 
-0.0222127 
-0.0196921 
0.0410085 
-0.0207052 
-0.00147432 
0.0500194 
-0.00572949 
-0.012221 
-0.00511496 
-0.0418731 
0.301865 
-0.00948409 
0.112869 
0.029858 
-0.00590274 
-0.040529 
-0.0266764 
-0.0308814 
-0.0340058 
-0.0143211 
0.030166 
0.215961 
0.0489053 
0.0393495 
-0.0655369 
-0.0376751 
0.00899516 
-0.00363444 
-0.0691429 
0.226155 
-0.0471731 
-0.00887401 
-0.00430473 
-0.0517377 
-0.0012386 
-0.0604107 
0.453633 
-0.00665109 
-0.0540359 
-0.0155397 
-0.0617756 
-0.0465873 
-0.050669 
-0.0591514 
-0.00891697 
-0.0289519 
-0.00915628 
******************************************************

trainingErrorofBestEpoch
2.7507e-05 
0.00112729 
-0.00372696 
0.00304415 
0.00260573 
-0.0533721 
-0.00937556 
-0.0113303 
0.000491788 
-0.00571277 
0.0146477 
0.0225333 
0.0056843 
-0.0137959 
-0.00295512 
0.0116752 
-0.0175603 
0.00426232 
-0.00241525 
-0.0133573 
0.01361 
-0.0152342 
-0.00827989 
-0.0165278 
0.0608909 
0.0502329 
-0.0365485 
0.310024 
-0.0384045 
-0.034336 
-0.00140326 
-0.0354592 
-0.00975327 
0.0375112 
-0.0305141 
-0.0410073 
0.160461 
-0.0433793 
-0.0436349 
-0.0293538 
-0.0480178 
0.0106853 
0.345401 
-0.0494517 
-0.015361 
-0.0604074 
-0.0364231 
-0.0420444 
-0.0527514 
-0.0377396 
0.210743 
-0.0472417 
-0.0285487 
-0.0495234 
-0.0365336 
-0.0162803 
0.388689 
-0.0512023 
-0.0633912 
-0.0581172 
-0.0603176 
-0.0532895 
-0.00355746 
0.00823369 
0.0312343 
-0.0256143 
-0.0357137 
-0.039745 
-0.0538025 
-0.0497377 
-0.0416486 
-0.0387402 
-0.0480833 
-0.0289084 
0.229289 
0.00903331 
-0.0405221 
-0.0484028 
-0.0171286 
-0.0440713 
-0.0419814 
0.21675 
-0.0290425 
-0.0489605 
0.0277076 
-0.0501915 
0.10166 
-0.0519949 
0.000625261 
-0.0533534 
-0.0380343 
0.00275537 
0.000642471 
0.024694 
0.00544225 
-0.0326275 
-0.0259883 
-0.038735 
-0.0295959 
-0.0385892 
0.324404 
-0.0445411 
-0.0353693 
-0.0210046 
-0.0334641 
-0.0478626 
-0.00604238 
-0.0176966 
-0.023728 
-0.0411374 
-0.00268763 
-0.0385103 
0.209915 
-0.00470857 
-0.00998192 
0.0348217 
-0.0442979 
-0.0396033 
-0.0195215 
-0.0352541 
-0.0354244 
-0.0361877 
0.0867166 
-0.0182622 
0.231155 
0.0136116 
-0.0347706 
-0.0230062 
0.0197452 
-0.0552252 
0.0253147 
-0.0356275 
-0.0505261 
-0.0131046 
-0.039535 
-0.0181995 
-0.0394841 
0.00956284 
-0.0441612 
-0.0360869 
-0.0278032 
-0.0392938 
0.20728 
-0.0377868 
-0.00865528 
0.372131 
0.15631 
-0.0673396 
-0.0323492 
-0.0382233 
-0.0494891 
-0.0664627 
-0.0549612 
-0.0453795 
-0.00459865 
-0.027935 
0.233345 
-0.020885 
0.170447 
-0.038457 
-0.0505732 
0.0351504 
-0.0410407 
-0.0512563 
-0.0639894 
-0.0062635 
-0.00722679 
0.0429454 
-0.0357387 
-0.0570352 
0.0113553 
-0.0315503 
-0.0474321 
-0.0479047 
-0.0435474 
0.00599758 
-0.0348698 
0.220495 
-0.0565848 
-0.0374235 
-0.0466957 
-0.0404024 
-0.0398371 
-0.0364666 
0.219672 
-0.0511057 
-0.0155848 
0.000396118 
-0.0480549 
0.103717 
-0.038493 
0.0033948 
-0.0306818 
-0.0387359 
0.00724012 
-0.0491863 
0.0277853 
-0.0471987 
-0.0418236 
-0.0229976 
-0.0365803 
-0.0250532 
-0.0338883 
-0.0188111 
-0.0389451 
-0.027536 
0.0127951 
-0.00778255 
-0.0373936 
0.0856103 
0.0119562 
-0.0127383 
-0.0331948 
0.00597254 
-0.0344324 
-0.0253814 
0.00724925 
-0.0332532 
0.045897 
-0.0312511 
-0.0102129 
-0.0295855 
-0.00914278 
-0.0132961 
-0.0251346 
0.102663 
-0.00367831 
-0.010016 
0.0307136 
-0.0311228 
-0.0137413 
-0.0395639 
0.311068 
0.00741357 
-0.0229723 
-0.0484937 
-0.0366686 
-0.0293686 
-0.0237085 
0.0181083 
0.0267567 
-0.0205304 
-0.0143143 
-0.0301923 
-0.0143813 
0.289155 
0.00984489 
-0.0196611 
-0.0291571 
-0.029873 
-0.0253584 
-0.00932191 
-0.0219572 
0.0133104 
-0.0141226 
-0.0154124 
0.012244 
0.0183573 
-0.00213308 
0.262787 
-0.0231839 
-0.0262607 
-0.0100451 
0.0197788 
0.0577194 
-0.0311208 
0.075929 
-0.023288 
-0.0182163 
-0.0140458 
0.0780174 
-0.03237 
-0.0395503 
0.108861 
-0.0139922 
0.0107082 
-0.0176062 
-0.0375048 
-0.00560986 
-0.0222841 
-0.0147256 
-0.00427185 
0.259811 
0.0660117 
-0.0215368 
-0.00898753 
-0.0280174 
-0.00172162 
-0.0268567 
-0.0295099 
0.25297 
-0.0295853 
-0.0306924 
-0.0309161 
0.0125689 
0.0206721 
-0.0238693 
0.475904 
-0.0326899 
-0.0346327 
0.0182182 
-0.0353499 
-0.0474309 
-0.0463959 
-0.0380621 
0.0482214 
-0.0326255 
-0.0058601 
-0.0547627 
0.0970309 
-0.0102339 
0.0144987 
-0.0417378 
-0.0359297 
-0.0213275 
-0.0304241 
-0.0140902 
0.00369206 
0.00677382 
-0.0349092 
-0.0314876 
-0.00570811 
-0.0283596 
0.0165874 
-0.0618987 
-0.0592142 
-0.0449674 
-0.0346627 
-0.0326263 
-0.0164034 
0.0183727 
0.00642782 
-0.0297534 
-0.0257685 
-0.0231244 
0.319783 
0.0562741 
-0.0130763 
-0.0383048 
0.00512426 
0.020988 
-0.0329427 
0.00582668 
-0.0438427 
-0.0325982 
0.00178062 
0.254628 
-0.0350387 
-0.0320349 
-0.0109164 
-0.02393 
0.0617244 
-0.0412343 
0.00109646 
0.0223753 
-0.026267 
0.00897592 
0.223577 
0.054008 
0.0201435 
0.312314 
-0.043721 
-0.0343816 
-0.00291081 
-0.0392738 
-0.0173249 
0.00800381 
-0.0272501 
-0.0241833 
0.0539481 
-0.00491386 
-0.0284012 
-0.0131734 
-0.0395163 
0.291368 
-0.0233446 
0.10306 
0.013902 
0.0106833 
-0.0393773 
-0.0248313 
-0.0338341 
-0.0338327 
-0.0296761 
0.035772 
0.216764 
0.036243 
0.0231355 
-0.0363898 
-0.0449487 
0.0102702 
-0.0101829 
-0.0535996 
0.221527 
-0.0420035 
-0.0213088 
-0.0066624 
-0.0535306 
-0.00107284 
-0.0604151 
0.455368 
-0.023579 
-0.062316 
-0.0189972 
-0.0522125 
-0.0472881 
-0.0539349 
-0.0621897 
-0.00858237 
-0.0364071 
-0.0120815 
******************************************************

trainingErrorofBestEpoch
2.65855e-05 
0.00261835 
-0.00512767 
0.00190548 
0.0438477 
-0.0370347 
-0.00307166 
-0.000145909 
0.0148983 
0.00651405 
0.0213069 
0.00990633 
-0.00178131 
-0.0157531 
-0.00524548 
0.000687263 
-0.012136 
0.0114745 
-0.00411967 
-0.0152617 
0.018796 
-0.0101589 
0.000662178 
-0.00578699 
0.0706396 
0.0576933 
-0.024782 
0.311585 
-0.0425583 
-0.0371129 
-0.000615797 
-0.0346403 
-0.0134149 
0.0424771 
-0.0255227 
-0.0362635 
0.164002 
-0.0420329 
-0.0421697 
-0.026725 
-0.0438172 
0.0156983 
0.352126 
-0.0428976 
-0.0111423 
-0.0576729 
-0.0359598 
-0.0428331 
-0.0494384 
-0.0393864 
0.212738 
-0.0463936 
-0.0284277 
-0.0487859 
-0.0354703 
-0.0159464 
0.391036 
-0.0498585 
-0.0624622 
-0.0570853 
-0.0605694 
-0.0543933 
-0.0044369 
0.00703532 
0.0312017 
-0.0264404 
-0.0352363 
-0.0388653 
-0.0518183 
-0.0492506 
-0.0393929 
-0.0378359 
-0.0473215 
-0.0272726 
0.230798 
0.010652 
-0.0388652 
-0.0477194 
-0.0166984 
-0.0446209 
-0.0410623 
0.218537 
-0.0287315 
-0.0473324 
0.0289273 
-0.0502211 
0.101715 
-0.0516846 
-0.0081023 
-0.0506867 
-0.0344457 
0.0041438 
-0.00389569 
0.0202323 
0.00232762 
-0.0336802 
-0.027313 
-0.0411856 
-0.030796 
-0.0419049 
0.311828 
-0.0416509 
-0.0333242 
-0.0213275 
-0.0349674 
-0.0471239 
-0.00203263 
-0.0164918 
-0.0267038 
-0.0430005 
0.000757595 
-0.034912 
0.205354 
-0.00667321 
-0.00933818 
0.0374173 
-0.044096 
-0.0444135 
-0.0278394 
-0.0354365 
-0.034578 
-0.0364004 
0.0871498 
-0.0183993 
0.222529 
0.0143452 
-0.035224 
-0.0221492 
0.0194681 
-0.0543068 
0.0187277 
-0.0376507 
-0.0508226 
-0.0154067 
-0.0398164 
-0.0186209 
-0.0423062 
0.00782222 
-0.044887 
-0.0357037 
-0.0283713 
-0.039311 
0.191755 
-0.0375955 
-0.00913925 
0.373681 
0.155332 
-0.0702243 
-0.0348147 
-0.0353302 
-0.0502965 
-0.0710857 
-0.0551227 
-0.0464157 
-0.00844063 
-0.0333234 
0.231371 
-0.0192589 
0.174524 
-0.0345067 
-0.0622217 
0.0379402 
-0.0387772 
-0.0428642 
-0.0661889 
-0.0100654 
-0.011536 
0.0429584 
-0.0351561 
-0.0601548 
0.0129047 
-0.0289718 
-0.0470675 
-0.0468134 
-0.0447189 
0.0100594 
-0.0327486 
0.228337 
-0.0495011 
-0.0331925 
-0.0430715 
-0.0395859 
-0.0375941 
-0.0344754 
0.223139 
-0.0486251 
-0.0212462 
-0.0038305 
-0.0452661 
0.106715 
-0.0442773 
2.15997e-05 
-0.0320164 
-0.0448324 
0.00823763 
-0.0473258 
0.0265108 
-0.0476677 
-0.0416046 
-0.0234408 
-0.0381405 
-0.0240488 
-0.0365391 
-0.0137057 
-0.0321802 
-0.033053 
0.0098908 
-0.00379725 
-0.0345328 
0.0874777 
0.0100989 
-0.0130361 
-0.0346175 
0.00395395 
-0.0354793 
-0.0264738 
0.00629978 
-0.0342843 
0.0452699 
-0.0327985 
-0.0112556 
-0.0295788 
-0.0150883 
-0.0132779 
-0.0272131 
0.10508 
-0.00788884 
-0.01185 
0.0285214 
-0.0317595 
-0.0139566 
-0.0371452 
0.311282 
0.00845382 
-0.0194657 
-0.0501323 
-0.0372533 
-0.0298197 
-0.0262431 
0.0155348 
0.0241434 
-0.0229404 
-0.0205597 
-0.03292 
-0.0150637 
0.281418 
-0.00544428 
-0.0284589 
-0.036937 
-0.0362634 
-0.030564 
-0.0139009 
-0.0281106 
0.00730225 
-0.0170421 
-0.0238402 
0.00434476 
0.00864983 
-0.0120428 
0.270671 
-0.0336978 
-0.0314652 
-0.00963329 
0.0183755 
0.0523432 
-0.0392305 
0.0708972 
-0.039101 
-0.0247442 
-0.0100957 
0.0776336 
-0.0333383 
-0.0382898 
0.110945 
-0.0196538 
0.00512718 
-0.0274671 
-0.027342 
-0.0168688 
-0.0303879 
-0.0255611 
0.00763966 
0.237606 
0.050387 
-0.0379695 
-0.0255349 
-0.0337787 
-0.00446128 
-0.03509 
-0.0376905 
0.248172 
-0.0429631 
-0.0429057 
-0.0330235 
-0.014677 
0.0290168 
-0.0435087 
0.469762 
-0.0246896 
-0.0312459 
0.0118623 
-0.0367443 
-0.0442473 
-0.0475383 
-0.042802 
0.0547037 
-0.0233463 
0.00461074 
-0.0356099 
0.110035 
-0.0120632 
0.0137653 
-0.0454163 
-0.0125336 
-0.0270824 
-0.0429417 
-0.0350736 
-0.00243009 
7.114e-05 
-0.0443141 
-0.0440768 
-0.0151626 
-0.010677 
0.0405012 
-0.0397719 
-0.0278249 
-0.0263966 
-0.0266536 
-0.0419429 
-0.031785 
-0.00206163 
0.000718354 
-0.0392476 
-0.032125 
-0.0132319 
0.320279 
0.0538151 
-0.0178578 
-0.0395283 
0.00361103 
0.0180885 
-0.0285685 
0.00809086 
-0.0441469 
-0.0313849 
-0.000241914 
0.258459 
-0.0338335 
-0.0351528 
-0.0146948 
-0.0360874 
0.0581014 
-0.0484552 
-0.00652997 
0.00315294 
-0.0281277 
0.00845053 
0.20115 
0.00264077 
-0.0188757 
0.270275 
-0.0561666 
-0.0648195 
-0.0280495 
-0.0582051 
-0.0428572 
-0.00430933 
-0.0366493 
-0.0503401 
0.0710973 
0.0022458 
-0.0416174 
-0.0263543 
-0.0438735 
0.316876 
-0.044207 
0.0974786 
-0.00987208 
0.000609298 
-0.0474138 
-0.0252197 
-0.0393713 
-0.0388706 
-0.0389668 
0.0357899 
0.21551 
0.0355443 
0.0169547 
-0.013907 
-0.0280979 
0.00843948 
-0.0327891 
-0.0501445 
0.22994 
-0.0480356 
-0.042313 
-0.00901908 
-0.0459679 
0.000604656 
-0.0555608 
0.465926 
-0.0253197 
-0.0456637 
-0.00755154 
-0.0487925 
-0.0356983 
-0.048027 
-0.0595915 
-0.0143564 
-0.029965 
-0.00542801 
******************************************************

trainingErrorofBestEpoch
2.19104e-05 
0.00130504 
-0.00504922 
0.010401 
0.00269174 
-0.0229471 
-0.00444811 
0.01175 
0.0359891 
-0.00529384 
0.0209467 
0.0164382 
0.00879922 
-0.0240304 
-0.0101979 
0.00754985 
-0.0227642 
0.0119941 
-0.00502486 
-0.0145036 
0.0156374 
-0.0189133 
-0.00603303 
-0.0198901 
0.0583292 
0.0457793 
-0.0305959 
0.301828 
-0.0483546 
-0.0409297 
-0.00799769 
-0.0399251 
-0.0276613 
0.0396631 
-0.0298251 
-0.0434071 
0.160062 
-0.0338978 
-0.0510953 
-0.0217486 
-0.0442341 
0.00936499 
0.337232 
-0.0527312 
-0.0203849 
-0.0665029 
-0.0354254 
-0.0444235 
-0.055245 
-0.0408229 
0.20666 
-0.0503956 
-0.0340041 
-0.0520061 
-0.0380453 
-0.0194283 
0.384188 
-0.0588413 
-0.0651569 
-0.055999 
-0.0625886 
-0.0571793 
-0.00500736 
0.00485653 
0.0271583 
-0.028441 
-0.035926 
-0.0415222 
-0.0513491 
-0.0454866 
-0.0339602 
-0.034964 
-0.0469746 
-0.0239279 
0.227934 
0.00739957 
-0.0387392 
-0.0497167 
-0.0146375 
-0.0459415 
-0.0449461 
0.216448 
-0.0296104 
-0.0499813 
0.0230506 
-0.0513066 
0.102042 
-0.0562351 
-0.00438161 
-0.0514535 
-0.0372254 
0.00165533 
0.00185403 
0.0243777 
0.00126362 
-0.0355103 
-0.0270479 
-0.0397145 
-0.0301717 
-0.0423573 
0.304088 
-0.0335259 
-0.0263383 
-0.0261387 
-0.0405056 
-0.0506712 
0.0139569 
-0.0159184 
-0.0278914 
-0.0449948 
0.011648 
-0.0167057 
0.207409 
-0.00710677 
-0.00686985 
0.045925 
-0.0428927 
-0.0489346 
-0.0321953 
-0.0320529 
-0.0318115 
-0.0400539 
0.0832546 
-0.0189891 
0.233317 
0.0144031 
-0.038682 
-0.0248705 
0.0210659 
-0.0532856 
0.0212362 
-0.0377138 
-0.0488684 
-0.0122638 
-0.0384498 
-0.018202 
-0.038703 
0.0101904 
-0.0441154 
-0.038677 
-0.0299443 
-0.0360203 
0.15563 
-0.0511221 
-0.01756 
0.373085 
0.164991 
-0.0641689 
-0.0294249 
-0.032708 
-0.0462117 
-0.0690237 
-0.0527484 
-0.0466966 
-0.00283394 
-0.0263034 
0.231105 
-0.0202759 
0.174268 
-0.0328683 
-0.0609348 
0.040169 
-0.0403667 
-0.044569 
-0.0648849 
-0.00670893 
-0.00803645 
0.0432216 
-0.0333539 
-0.0582001 
0.0148383 
-0.0289604 
-0.0439618 
-0.0488031 
-0.043391 
0.00748834 
-0.0363236 
0.229467 
-0.0498771 
-0.0343918 
-0.0432095 
-0.0389792 
-0.0380306 
-0.0365263 
0.223328 
-0.0478316 
-0.0256695 
-0.00390394 
-0.0454504 
0.105714 
-0.0410752 
0.00130224 
-0.0288211 
-0.0440765 
0.00920538 
-0.0461568 
0.0288307 
-0.0450641 
-0.0394247 
-0.0209186 
-0.0364226 
-0.0247817 
-0.039862 
-0.0120286 
-0.0304686 
-0.0185904 
0.014006 
-0.00458844 
-0.0357595 
0.0806632 
0.00072358 
-0.0143428 
-0.0355467 
0.00424597 
-0.0359818 
-0.0268394 
0.00616155 
-0.034907 
0.0441805 
-0.033457 
-0.0114116 
-0.0300487 
-0.0187708 
-0.00659407 
-0.0292174 
0.10389 
-0.0104496 
-0.014125 
0.028585 
-0.0328934 
-0.0156689 
-0.0383638 
0.314358 
0.00814023 
-0.0206483 
-0.0450613 
-0.0362108 
-0.0309125 
-0.0259408 
0.0149506 
0.0237667 
-0.0113855 
-0.0189765 
-0.0349085 
-0.0171475 
0.264038 
-0.0193858 
-0.0310506 
-0.0401048 
-0.0411593 
-0.0347533 
-0.0167484 
-0.0313429 
0.00490921 
-0.0223021 
-0.0281315 
-0.000107809 
0.00697857 
-0.0205171 
0.265237 
-0.0418428 
-0.035809 
-0.011223 
0.0202087 
0.05715 
-0.0330619 
0.0655625 
-0.02945 
-0.0349674 
-0.01465 
0.0749732 
-0.0389504 
-0.0317847 
0.106897 
-0.0258144 
0.00264737 
-0.0362441 
-0.0264881 
-0.0171644 
-0.0281657 
-0.0263235 
-0.0325092 
0.212301 
0.0473813 
-0.0405289 
-0.0274334 
-0.0370025 
-0.00807197 
-0.0377612 
-0.0365541 
0.249209 
-0.0444673 
-0.0394159 
-0.0399433 
-0.030857 
0.0145263 
-0.041312 
0.478703 
-0.0226214 
-0.0310834 
0.014173 
-0.0462258 
-0.0382817 
-0.0410916 
-0.0341282 
0.0585069 
-0.0245359 
0.00217612 
-0.0420206 
0.100982 
-0.0133097 
0.00765537 
-0.0396353 
0.00423187 
-0.0302518 
-0.0409107 
-0.0332835 
-0.0169216 
-0.0312045 
-0.0334889 
-0.0464219 
-0.0125951 
-0.0205634 
0.0544403 
-0.0301235 
-0.0254241 
-0.00964357 
-0.00740946 
-0.0263559 
-0.0359275 
-0.0181568 
-0.00818289 
-0.0346929 
-0.0349048 
-0.0108061 
0.313216 
0.0533401 
-0.0214507 
-0.032884 
0.00171647 
0.0286915 
-0.0173676 
0.0142795 
-0.0387544 
-0.018701 
0.00851443 
0.260042 
-0.0220323 
-0.043256 
-0.00781787 
-0.031939 
0.0612307 
-0.0488709 
-0.0047533 
0.00549249 
-0.0329136 
0.0130442 
0.159738 
0.00923908 
-0.0263361 
0.261492 
-0.0480869 
-0.0625966 
-0.0280557 
-0.05957 
-0.0523249 
-0.0049678 
-0.0245315 
-0.0329062 
0.064356 
-0.00990571 
-0.0575552 
-0.0282579 
-0.0256966 
0.320602 
-0.0477835 
0.0927125 
-0.0129049 
-0.00118476 
-0.0523725 
-0.030447 
-0.0450787 
-0.0362824 
-0.0522301 
0.0467601 
0.225121 
0.0361648 
0.00106131 
0.0105094 
-0.042214 
0.00885412 
-0.0361058 
-0.0272246 
0.232659 
-0.0450871 
-0.0293837 
-0.00958516 
-0.0492574 
-0.000696508 
-0.0566129 
0.462089 
-0.0399792 
-0.0566824 
-0.0168192 
-0.0444259 
-0.0443257 
-0.05287 
-0.0571505 
-0.0102727 
-0.029114 
-0.00746833 
******************************************************

trainingErrorofBestEpoch
2.83283e-05 
0.00219636 
-0.000683484 
0.00164686 
0.00145205 
-0.0522709 
0.00814274 
0.0124714 
0.0153086 
-0.00422341 
0.0193128 
0.0146113 
0.000747063 
-0.02128 
-0.0174739 
-0.00998744 
0.00169135 
0.0151767 
-0.00410674 
-0.0114608 
0.0152416 
-0.00169757 
0.003508 
-0.0132006 
0.0668234 
0.0485021 
-0.0268066 
0.30224 
-0.0395534 
-0.0324421 
0.0070207 
-0.0328603 
0.00363601 
0.0522969 
-0.0184042 
-0.0260404 
0.173931 
-0.0399329 
-0.0276534 
-0.0180717 
-0.0482772 
0.0071317 
0.36223 
-0.0428184 
-0.00157452 
-0.0483996 
-0.0272975 
-0.0347865 
-0.0474336 
-0.0341605 
0.219914 
-0.0376301 
-0.0205211 
-0.0440806 
-0.0308251 
-0.0112715 
0.399323 
-0.0443866 
-0.0551883 
-0.0522867 
-0.0540523 
-0.0484047 
0.000358617 
0.0126408 
0.0357838 
-0.0224945 
-0.0307862 
-0.0353583 
-0.0482177 
-0.0457479 
-0.0376989 
-0.0349629 
-0.0445871 
-0.0239259 
0.233935 
0.0125574 
-0.0364307 
-0.0460072 
-0.0143834 
-0.0431275 
-0.0399645 
0.220143 
-0.0255466 
-0.0463023 
0.0301964 
-0.0489034 
0.103899 
-0.0506398 
0.00326873 
-0.0525355 
-0.0401158 
0.00103223 
0.0039619 
0.0295184 
0.00141938 
-0.032976 
-0.023092 
-0.0372772 
-0.0285739 
-0.0419978 
0.288812 
-0.0586384 
-0.0470648 
-0.00830927 
-0.0174179 
-0.0473554 
-0.0251009 
-0.0144638 
-0.0107904 
-0.0336081 
-0.0159423 
-0.0525054 
0.194783 
-0.0084965 
-0.0193443 
0.020375 
-0.0515184 
-0.0484152 
-0.0480918 
-0.0447118 
-0.0423497 
-0.0288708 
0.0952929 
-0.0187853 
0.232126 
0.0152377 
-0.0279817 
-0.0181907 
0.0225003 
-0.0563687 
-0.00240481 
-0.0431312 
-0.0508282 
-0.0129734 
-0.0405682 
-0.0201138 
-0.046477 
0.00761122 
-0.0454295 
-0.0335696 
-0.0206945 
-0.0377332 
0.22033 
-0.0390737 
-0.00477289 
0.371513 
0.165297 
-0.0596662 
-0.0619839 
-0.0467372 
-0.0454788 
-0.0576959 
-0.0516805 
-0.0492922 
-0.00824936 
-0.023952 
0.243168 
-0.0247649 
0.161141 
-0.0355232 
-0.0378973 
0.0343068 
-0.04671 
-0.0511767 
-0.055871 
-0.00182962 
-0.0265169 
0.0372038 
-0.0308777 
-0.0493349 
0.0166001 
-0.0312559 
-0.0485835 
-0.0397714 
-0.0375875 
-0.00221177 
-0.0383488 
0.199916 
-0.0710449 
-0.0452572 
-0.0498853 
-0.04311 
-0.0418329 
-0.0360623 
0.216814 
-0.0492167 
-0.0444723 
-0.0220466 
-0.0472695 
0.0997179 
-0.0403543 
-0.00709034 
-0.0252083 
-0.0314287 
0.00472034 
-0.0473804 
0.0315322 
-0.0436737 
-0.0410576 
-0.0209765 
-0.0349929 
-0.0184853 
-0.0500071 
-0.0170659 
-0.0436946 
-0.0319743 
0.00648845 
-0.0122337 
-0.0444295 
0.0338943 
-0.0277372 
-0.0176464 
-0.039438 
-0.000412413 
-0.0381335 
-0.0259144 
0.00563007 
-0.0367095 
0.045584 
-0.0367405 
-0.015233 
-0.0296561 
-0.039194 
-0.0247935 
-0.0284138 
0.0962772 
-0.00250388 
-0.0046968 
0.023597 
-0.0370116 
-0.0194588 
-0.0380778 
0.321185 
0.0105229 
-0.0151169 
-0.0407529 
-0.0410888 
-0.0311488 
-0.0271632 
0.0134022 
0.0279507 
-0.0268503 
-0.0279243 
-0.0438357 
-0.0232139 
0.215827 
-0.0584119 
-0.017078 
-0.0248547 
-0.0257306 
-0.0257564 
-0.011297 
-0.0229302 
0.0125151 
-0.0166501 
-0.0179325 
0.00646735 
0.0189274 
-0.046824 
0.230587 
-0.0224867 
-0.0307944 
-0.0244207 
0.012966 
0.0457118 
-0.0452622 
0.0762112 
-0.023194 
-0.0240129 
-0.0126555 
0.0810883 
-0.0292397 
-0.0332146 
0.111798 
-0.0165629 
0.008833 
-0.0160611 
-0.0592873 
-0.0469767 
-0.0253749 
-0.0164138 
-0.0669944 
0.170191 
0.0701848 
-0.0207954 
-0.00802392 
-0.02856 
0.00135273 
-0.0246818 
-0.0272859 
0.256452 
-0.0292408 
-0.0223344 
-0.0224257 
-0.0497864 
-0.0138535 
-0.0277436 
0.479245 
-0.0452959 
-0.0327345 
0.010329 
-0.037239 
-0.0165661 
-0.0375628 
-0.0342176 
0.0565693 
-0.0275929 
0.00399309 
-0.0416458 
0.108571 
-0.00784918 
0.0204592 
-0.0248991 
-0.0420036 
-0.0654086 
-0.0343433 
-0.0254458 
-0.0475731 
-0.0488306 
-0.0354118 
-0.0366182 
-0.041127 
-0.0369774 
0.0227885 
-0.0392012 
-0.039517 
-0.0400211 
-0.0349099 
-0.0376564 
-0.0311393 
-0.0144997 
-0.0206061 
-0.0304518 
-0.033141 
-0.0191485 
0.308989 
0.0385332 
-0.0234112 
-0.0407834 
0.00904808 
0.0224968 
-0.0342254 
0.0103538 
-0.0410796 
-0.0289245 
0.0034394 
0.255486 
-0.0262466 
-0.0159168 
-0.0119737 
-0.0173085 
0.0634635 
-0.0566425 
-0.0364401 
-0.0223824 
-0.0213773 
0.0150697 
0.200245 
0.0484507 
-0.00163079 
0.260718 
-0.0278942 
-0.00118813 
0.0173586 
-0.0238331 
-0.0536284 
0.0470758 
-0.0102515 
-0.0134826 
0.0569712 
-6.04952e-05 
-0.018293 
-0.00847607 
-0.0390916 
0.31089 
-0.023227 
0.105904 
-0.00381216 
-0.0157866 
-0.0489141 
-0.0238246 
-0.0275306 
-0.0251454 
-0.0198053 
0.0349484 
0.224252 
0.046891 
0.0243373 
-0.0498803 
-0.0274496 
0.0176376 
-0.00543181 
-0.0572537 
0.227388 
-0.0499122 
-0.0138829 
-0.00784634 
-0.0507241 
-0.00108603 
-0.0565625 
0.456247 
-0.0238917 
-0.0503464 
-0.00409496 
-0.0556045 
-0.041567 
-0.0483225 
-0.0587768 
-0.00505568 
-0.0222943 
-0.0159131 
******************************************************

trainingErrorofBestEpoch
2.67997e-05 
0.00583848 
-0.00547862 
0.000465547 
0.000726296 
-0.0167394 
-0.00995122 
0.0143019 
0.00298072 
-0.0151939 
0.0332552 
-0.00460914 
-0.00737038 
-0.0169243 
-0.0166871 
0.0161736 
0.000642133 
0.0177432 
0.000365758 
-0.00359755 
0.0223135 
-0.0363949 
-0.000205266 
-0.0146028 
0.0681062 
0.0548748 
-0.0215417 
0.314523 
-0.0397024 
-0.0225092 
0.0104837 
-0.0220982 
0.00695363 
0.0542395 
-0.0219585 
-0.0323843 
0.169109 
-0.0358135 
-0.0338539 
-0.0152485 
-0.0513587 
0.00859717 
0.352437 
-0.0471794 
-0.00950703 
-0.0570525 
-0.0339093 
-0.0420967 
-0.0508397 
-0.0391247 
0.213105 
-0.0452543 
-0.0273611 
-0.0490076 
-0.037147 
-0.0160989 
0.389598 
-0.0526697 
-0.0621933 
-0.0594497 
-0.0595854 
-0.0539492 
-0.00437023 
0.00838487 
0.0319179 
-0.0262408 
-0.0340564 
-0.0398963 
-0.0533535 
-0.0501208 
-0.0383987 
-0.0379845 
-0.0479718 
-0.0272413 
0.229904 
0.0105313 
-0.0386917 
-0.0475979 
-0.0179891 
-0.0450484 
-0.0418473 
0.219957 
-0.0273899 
-0.0482853 
0.0295963 
-0.0502111 
0.102132 
-0.0522941 
0.00205786 
-0.05136 
-0.0403654 
0.000358783 
0.0017022 
0.0274595 
0.00245271 
-0.0336404 
-0.0246116 
-0.0376406 
-0.0290015 
-0.0402644 
0.304561 
-0.0556443 
-0.0452033 
-0.012568 
-0.0244531 
-0.0487075 
-0.0235041 
-0.0167118 
-0.0138349 
-0.035895 
-0.00952085 
-0.0469539 
0.20204 
-0.00653038 
-0.0160055 
0.0248851 
-0.0491097 
-0.0426827 
-0.033352 
-0.041038 
-0.0423555 
-0.0302762 
0.0914052 
-0.0189576 
0.228038 
0.0155286 
-0.0309549 
-0.021197 
0.017515 
-0.0590954 
0.00585442 
-0.0411729 
-0.0521064 
-0.0148332 
-0.0406603 
-0.0195894 
-0.0447338 
0.00666132 
-0.0449947 
-0.033373 
-0.02416 
-0.0374424 
0.216973 
-0.0395512 
-0.00501452 
0.36802 
0.160238 
-0.0636744 
-0.0547405 
-0.0465033 
-0.0475609 
-0.0618575 
-0.0543479 
-0.0471057 
-0.0101152 
-0.0302568 
0.226104 
-0.022059 
0.164715 
-0.0352082 
-0.0459677 
0.0349974 
-0.0393484 
-0.0472475 
-0.0578277 
-0.00740562 
-0.0285142 
0.0367606 
-0.0348622 
-0.0544584 
0.0129359 
-0.0315154 
-0.0499873 
-0.0493424 
-0.0415929 
0.00214661 
-0.0327439 
0.208383 
-0.0633338 
-0.0409795 
-0.0469407 
-0.0421867 
-0.0413042 
-0.0311684 
0.221461 
-0.0486639 
-0.0347803 
-0.0114913 
-0.0515397 
0.102856 
-0.0438794 
0.00399903 
-0.0334987 
-0.0425105 
0.00310523 
-0.0484159 
0.0281915 
-0.0490259 
-0.0415512 
-0.0214993 
-0.0369616 
-0.0281007 
-0.0443672 
-0.0149084 
-0.0338019 
-0.0310837 
0.00362899 
-0.0103573 
-0.0392004 
0.0535762 
-0.0142931 
-0.0129935 
-0.035234 
0.00565347 
-0.0367079 
-0.0285171 
0.00531892 
-0.0338216 
0.0472608 
-0.0299572 
-0.00707326 
-0.0273824 
-0.0282206 
-0.0287148 
-0.0312502 
0.0948189 
-0.00824529 
-0.014773 
0.0301006 
-0.0350338 
-0.0193069 
-0.0377646 
0.31721 
0.00909312 
-0.0196847 
-0.048013 
-0.036273 
-0.0302479 
-0.0265838 
0.0159406 
0.0230208 
-0.0329172 
-0.0281012 
-0.0338791 
-0.0180219 
0.228358 
-0.0387661 
-0.0148805 
-0.0206695 
-0.0228246 
-0.0241068 
-0.0081104 
-0.0181699 
0.0143284 
-0.0131298 
-0.0112823 
0.018876 
0.0204055 
-0.0388128 
0.208322 
-0.0275017 
-0.025308 
-0.0355983 
0.00555426 
0.0551955 
-0.0486947 
0.0783775 
-0.0238915 
-0.023409 
-0.0131822 
0.0794584 
-0.0321789 
-0.0367632 
0.107856 
-0.0138268 
0.00473428 
-0.0218709 
-0.0646605 
-0.045054 
-0.0189628 
-0.0119877 
-0.0602971 
0.180709 
0.0745678 
-0.0169248 
-0.00378459 
-0.0259313 
0.00153219 
-0.0222233 
-0.0235223 
0.254334 
-0.0232359 
-0.0127412 
-0.0204219 
-0.0357173 
-0.0263622 
-0.0276892 
0.481432 
-0.0429277 
-0.0298534 
-0.000277384 
-0.0548941 
-0.0285531 
-0.0362641 
-0.0348892 
0.0512807 
-0.0313109 
-0.00275682 
-0.0488913 
0.107082 
-0.0136394 
0.0192721 
-0.0304418 
-0.0532065 
-0.038086 
-0.0326819 
-0.0250337 
-0.0463298 
-0.0420158 
-0.0287185 
-0.0318206 
-0.024693 
-0.0322884 
0.0112282 
-0.0490793 
-0.0521913 
-0.0479979 
-0.0454837 
-0.040513 
-0.0265897 
-0.00618116 
-0.0229439 
-0.0355242 
-0.0328255 
-0.0182557 
0.320169 
0.0503126 
-0.0254908 
-0.0345803 
-0.00950418 
0.028151 
-0.0307845 
0.0098341 
-0.0387078 
-0.0331264 
0.00182671 
0.251452 
-0.0429486 
-0.0423415 
-0.0346252 
-0.0198529 
0.0645572 
-0.0473539 
-0.0121734 
0.00594604 
-0.0303015 
0.00660888 
0.191143 
0.0773973 
0.0227667 
0.28976 
-0.0198345 
0.0141031 
0.032911 
-0.0119667 
-0.0277548 
0.0449606 
-0.00757518 
0.00121374 
0.0514747 
0.00307291 
-0.0063704 
-0.00230234 
-0.0412128 
0.300796 
-0.00235548 
0.114404 
0.0248418 
-0.0100269 
-0.0405018 
-0.0270283 
-0.0269109 
-0.0303793 
-0.0110519 
0.0176176 
0.217139 
0.0514379 
0.0357268 
-0.0604187 
-0.0323063 
0.0154795 
-0.00264456 
-0.0517574 
0.218293 
-0.0443977 
-0.0108621 
0.00253374 
-0.0443018 
0.00448009 
-0.0542285 
0.453774 
-0.00585343 
-0.0547057 
-0.0200982 
-0.0526425 
-0.0332319 
-0.0563432 
-0.0734874 
-0.0211866 
-0.0301934 
-0.00859344 
******************************************************

trainingErrorofBestEpoch
2.67425e-05 
0.00120695 
-0.000385105 
0.00408254 
0.0206814 
-0.0440403 
0.00538727 
0.0182242 
0.00283601 
-0.0122659 
0.0141099 
0.0204468 
0.0105561 
-0.0119342 
-0.00901173 
0.00675156 
-0.00990515 
0.0132463 
-0.000832722 
-0.00961383 
0.0166743 
-0.0208218 
0.00448754 
-0.00521504 
0.0733144 
0.0595431 
-0.0216248 
0.300343 
-0.0300569 
-0.0231112 
0.0115742 
-0.0319505 
0.0213627 
0.05766 
-0.016901 
-0.0283537 
0.166877 
-0.0332082 
-0.0201925 
-0.0131926 
-0.0549433 
-0.000842539 
0.333897 
-0.0630259 
-0.0272838 
-0.0730319 
-0.0423038 
-0.0549145 
-0.0561482 
-0.0485299 
0.207196 
-0.0502457 
-0.0354863 
-0.0593381 
-0.0395545 
-0.0206525 
0.385564 
-0.0568266 
-0.0636569 
-0.061536 
-0.0660854 
-0.0571246 
-0.0086636 
0.00256369 
0.0224812 
-0.0317511 
-0.036572 
-0.0442262 
-0.0568528 
-0.0538846 
-0.0426019 
-0.0402575 
-0.0487302 
-0.0297316 
0.226301 
0.00585284 
-0.0408939 
-0.049126 
-0.0182573 
-0.0486986 
-0.0407574 
0.214536 
-0.0282842 
-0.0459805 
0.0243994 
-0.0505904 
0.100585 
-0.0499409 
-0.00125726 
-0.0513056 
-0.0382244 
-0.000259213 
-0.0049207 
0.0195929 
0.00274139 
-0.0330592 
-0.025915 
-0.0387354 
-0.0285276 
-0.0374878 
0.315509 
-0.0542579 
-0.042367 
-0.0119451 
-0.0220445 
-0.049252 
-0.0221589 
-0.0146433 
-0.0148518 
-0.0316498 
-0.0107217 
-0.0426543 
0.206296 
-0.00274981 
-0.0148152 
0.0256136 
-0.0479349 
-0.0382402 
-0.0235944 
-0.0446886 
-0.0398952 
-0.0191309 
0.0934433 
-0.0210455 
0.219841 
0.0117427 
-0.0268497 
-0.0191862 
0.0159659 
-0.0603132 
0.0162043 
-0.0365059 
-0.0512361 
-0.0153968 
-0.0387615 
-0.0145244 
-0.0414222 
0.00858426 
-0.0343314 
-0.0276145 
-0.0203832 
-0.040931 
0.205611 
-0.0361352 
0.00619186 
0.376253 
0.151392 
-0.0635027 
-0.041858 
-0.0404526 
-0.0500184 
-0.0657468 
-0.050011 
-0.0472529 
-0.0060493 
-0.0201033 
0.240407 
-0.0161782 
0.169099 
-0.0336056 
-0.0539905 
0.0293858 
-0.0473941 
-0.0476548 
-0.0563194 
-0.00168199 
-0.00796285 
0.0408594 
-0.0332151 
-0.0508016 
0.0147529 
-0.0281471 
-0.0474875 
-0.0400086 
-0.0258193 
0.00814001 
-0.0346758 
0.209943 
-0.0588863 
-0.0425065 
-0.050898 
-0.0429973 
-0.0409609 
-0.039649 
0.218911 
-0.0496044 
-0.0246659 
-0.0143694 
-0.0500834 
0.101636 
-0.0360645 
0.00864343 
-0.0301771 
-0.0382095 
0.00920817 
-0.049717 
0.0261908 
-0.0472254 
-0.0434354 
-0.0219724 
-0.0353891 
-0.0175946 
-0.0367747 
-0.0182292 
-0.0411944 
-0.0339898 
0.00958332 
-0.00807083 
-0.0362944 
0.0685689 
0.0019417 
-0.0174765 
-0.0337225 
0.0033883 
-0.0333111 
-0.0269833 
0.00545193 
-0.0333545 
0.0444498 
-0.0299408 
-0.00869543 
-0.0281411 
-0.0264217 
-0.0244215 
-0.0268477 
0.106383 
-0.0104069 
-0.0142023 
0.0307568 
-0.0302864 
-0.0161772 
-0.0382165 
0.310745 
0.00625421 
-0.0227924 
-0.0476697 
-0.0369031 
-0.0318302 
-0.0230643 
0.00791619 
0.0215408 
-0.0301446 
-0.0237751 
-0.0266024 
-0.0147333 
0.26023 
-0.0184182 
-0.0120521 
-0.0225649 
-0.0252774 
-0.0248649 
-0.00859583 
-0.018357 
0.0148367 
-0.014071 
-0.0101141 
0.018229 
0.0231034 
-0.023495 
0.23049 
-0.0207295 
-0.0241144 
-0.0165157 
0.00406604 
0.050405 
-0.0327689 
0.0753221 
-0.0194215 
-0.0208516 
-0.0146545 
0.0751909 
-0.0318645 
-0.0403143 
0.108367 
-0.0116686 
0.00189586 
-0.0189832 
-0.0669028 
-0.0311472 
-0.0171876 
-0.00876349 
-0.0423463 
0.213743 
0.0717688 
-0.0158861 
-0.00532558 
-0.0281054 
0.00162656 
-0.0220373 
-0.0273367 
0.247318 
-0.0245587 
-0.0193016 
-0.024998 
-0.0306284 
-0.0308971 
-0.0301108 
0.454793 
-0.0249812 
-0.00185084 
0.0169752 
-0.0189523 
-0.0307447 
-0.0374155 
-0.0355266 
0.0508537 
-0.0287619 
-0.00331364 
-0.0541807 
0.0797121 
-0.0193614 
0.0126099 
-0.0403854 
-0.0546046 
-0.0490818 
-0.0367585 
-0.0355768 
-0.0105168 
-0.0189457 
-0.00510798 
0.00131955 
-0.0449963 
-0.0735204 
-0.0156458 
-0.0709394 
-0.0632256 
-0.0556266 
-0.0431296 
-0.0273071 
-0.0158327 
-0.00265279 
-0.0154654 
-0.0281567 
-0.00544914 
-0.031591 
0.307255 
0.0531056 
-0.0348933 
-0.0166126 
0.0298772 
0.0169362 
-0.031271 
0.0171385 
-0.034349 
-0.0268014 
0.0106677 
0.266077 
-0.0236178 
-0.0257678 
-0.0184681 
-0.0213694 
0.05878 
-0.0449473 
0.00260464 
0.0286014 
-0.0228987 
0.0138702 
0.210119 
0.0791331 
0.0369985 
0.306977 
-0.0170018 
0.00866959 
0.0324514 
-0.0122523 
-0.0164754 
0.0466076 
-0.0101033 
-7.64222e-05 
0.0523835 
-0.00798124 
-0.0134057 
0.00411719 
-0.0440121 
0.293342 
0.000177643 
0.116879 
0.0292479 
0.00210419 
-0.0351029 
-0.0236259 
-0.0295637 
-0.0251238 
-0.00873623 
0.0208663 
0.209453 
0.0463533 
0.0236967 
-0.0571869 
-0.0456183 
0.000320658 
0.00680712 
-0.0658248 
0.225446 
-0.0534908 
-0.00702511 
-0.00419301 
-0.0526262 
-0.00365517 
-0.0609085 
0.447235 
-0.00720476 
-0.0798678 
-0.0285287 
-0.0411208 
-0.0468015 
-0.0623732 
-0.0662174 
-0.0171872 
-0.0333558 
-0.00335219 
******************************************************

trainingErrorofBestEpoch
2.81415e-05 
0.000743468 
-0.00077423 
0.0027136 
0.00140033 
-0.0513125 
0.00486736 
0.00952323 
0.0126548 
-0.0176985 
0.0105261 
0.0302923 
0.0135152 
-0.0107355 
-0.00221689 
0.00825213 
-0.0193042 
0.0074854 
-0.00370165 
-0.00667306 
0.018549 
-0.0229058 
0.00763887 
-0.00596313 
0.0679513 
0.0530648 
-0.0282838 
0.306678 
-0.042592 
-0.0308524 
0.00224762 
-0.0351741 
-0.00489174 
0.0443411 
-0.0289481 
-0.0321854 
0.161381 
-0.0227598 
-0.0357955 
-0.00304996 
-0.0504559 
0.00570354 
0.331786 
-0.0567978 
-0.023681 
-0.0688081 
-0.0419807 
-0.0453996 
-0.0513212 
-0.0414807 
0.208368 
-0.0493529 
-0.0308052 
-0.0513552 
-0.0365143 
-0.016594 
0.383713 
-0.0518973 
-0.0649761 
-0.063661 
-0.0637202 
-0.0612928 
-0.012724 
0.00503 
0.0235739 
-0.0327176 
-0.0417608 
-0.0436598 
-0.0544066 
-0.0557287 
-0.0395512 
-0.0416966 
-0.0504367 
-0.0271705 
0.228258 
0.00999452 
-0.0442675 
-0.0502812 
-0.0149234 
-0.0401564 
-0.0435088 
0.218164 
-0.0265425 
-0.0469246 
0.030931 
-0.0490938 
0.103627 
-0.0501623 
-0.000632988 
-0.0509871 
-0.0434942 
-0.00312283 
2.80887e-05 
0.0231915 
0.00450099 
-0.0341644 
-0.0249631 
-0.0384688 
-0.0287168 
-0.0365661 
0.324319 
-0.048119 
-0.0375277 
-0.0161159 
-0.0307889 
-0.0483286 
-0.0145044 
-0.0155025 
-0.0216437 
-0.0389244 
-0.00536024 
-0.042329 
0.209082 
-0.00461777 
-0.0133436 
0.0296561 
-0.0459503 
-0.0386868 
-0.0203094 
-0.0387133 
-0.0398829 
-0.03371 
0.0877345 
-0.0202263 
0.226825 
0.0154868 
-0.0302105 
-0.0185125 
0.0224382 
-0.0544211 
0.0234251 
-0.0342355 
-0.0485786 
-0.0142913 
-0.0398437 
-0.0173369 
-0.0396322 
0.00833856 
-0.0444838 
-0.0308834 
-0.0197095 
-0.0391877 
0.207127 
-0.0470784 
-0.00803682 
0.367645 
0.163988 
-0.0544756 
-0.037616 
-0.0399266 
-0.0460976 
-0.0649148 
-0.055307 
-0.0492497 
-0.00709165 
-0.0248272 
0.23002 
-0.0223072 
0.161927 
-0.0458959 
-0.0467205 
0.0300988 
-0.0354095 
-0.0350553 
-0.0455068 
-0.0211884 
-0.00418252 
0.0404959 
-0.0368827 
-0.0586901 
0.0114942 
-0.0313804 
-0.0525811 
-0.0481466 
-0.0376664 
0.0086991 
-0.0340555 
0.215831 
-0.0585139 
-0.0388516 
-0.0501157 
-0.0399306 
-0.0442205 
-0.0370174 
0.21927 
-0.0594014 
-0.0126103 
1.58765e-05 
-0.046624 
0.104372 
-0.0413021 
0.000475764 
-0.0343803 
-0.0415443 
0.00145229 
-0.0524806 
0.0240523 
-0.0485763 
-0.0454419 
-0.0271283 
-0.0369393 
-0.0277268 
-0.0379369 
-0.0185809 
-0.0380762 
-0.0289513 
0.0107301 
-0.00622963 
-0.0394287 
0.0790451 
0.00788873 
-0.0134801 
-0.0317741 
0.00671844 
-0.0354713 
-0.0263851 
0.00804425 
-0.0329545 
0.0488585 
-0.0296525 
-0.00582828 
-0.0276661 
-0.0162688 
-0.0179019 
-0.0294609 
0.0983174 
-0.00149646 
-0.0114383 
0.0298983 
-0.0314683 
-0.015057 
-0.0373216 
0.310612 
0.00596337 
-0.0203682 
-0.0505594 
-0.0350418 
-0.0302075 
-0.0246051 
0.0132493 
0.0233762 
-0.0222797 
-0.0191204 
-0.0353628 
-0.0172466 
0.271951 
-0.00752974 
-0.0133973 
-0.0229846 
-0.022147 
-0.0262406 
-0.00872049 
-0.0185855 
0.0140945 
-0.0137322 
-0.0117962 
0.0196239 
0.0212091 
-0.0179244 
0.238942 
-0.0186109 
-0.0257231 
-0.0190175 
0.0170003 
0.0556818 
-0.0362445 
0.0796873 
-0.0275999 
-0.0221314 
-0.0162114 
0.0764878 
-0.0328519 
-0.0430656 
0.102826 
-0.0130179 
0.0145972 
-0.0133307 
-0.0501488 
-0.02016 
-0.0131087 
-0.00718636 
-0.0291669 
0.232262 
0.0806882 
-0.0164093 
-0.00623 
-0.0242115 
-0.000269334 
-0.0207829 
-0.0229469 
0.257865 
-0.0224145 
-0.0210175 
-0.0239401 
-0.00564098 
0.00219804 
-0.0200281 
0.479952 
-0.0298665 
-0.0372394 
0.0263757 
-0.0283206 
-0.0325535 
-0.0405827 
-0.0268403 
0.0516738 
-0.0272932 
0.000591758 
-0.0506143 
0.0908759 
0.00188703 
0.0178325 
-0.0448061 
-0.0416922 
-0.0370983 
-0.0299208 
-0.006481 
-0.016727 
-0.0104864 
-0.0419985 
-0.0201164 
-0.0326268 
-0.0296643 
0.0135233 
-0.0592785 
-0.0642366 
-0.0520176 
-0.0483064 
-0.0416917 
-0.0174581 
0.00287203 
-0.00218956 
-0.0284511 
-0.0330177 
-0.0173532 
0.306678 
0.0470892 
-0.0305297 
-0.0215998 
0.00761958 
0.0408479 
-0.0266019 
0.0118159 
-0.0505176 
-0.0371549 
-0.00296925 
0.256713 
-0.0118574 
-0.0536062 
-0.00281654 
-0.0273299 
0.0710283 
-0.0351162 
-0.00479425 
0.00971687 
-0.0243227 
0.00474304 
0.224887 
0.0801564 
0.0378192 
0.309204 
-0.0215098 
0.00146133 
0.0250846 
-0.0172298 
-0.0109601 
0.0276912 
-0.0153458 
0.000615538 
0.0510355 
-0.00274325 
-0.0112476 
0.00337482 
-0.0424884 
0.288009 
-0.0122478 
0.108622 
0.0292788 
0.00570401 
-0.0322324 
-0.0218815 
-0.0242562 
-0.0357977 
-0.0138737 
0.0320392 
0.208954 
0.0542548 
0.0405459 
-0.0582088 
-0.0410024 
0.0121338 
0.00864472 
-0.0669399 
0.214206 
-0.0624908 
-0.00213544 
-0.0116471 
-0.0564619 
-0.0039898 
-0.0665348 
0.450365 
-0.0220423 
-0.0460767 
-0.013312 
-0.0537427 
-0.0382681 
-0.055381 
-0.0678717 
-0.018774 
-0.026973 
-0.00551355 
******************************************************

trainingErrorofBestEpoch
2.36777e-05 
0.0032383 
-0.0034584 
0.00627865 
0.0101912 
-0.0153865 
-0.00286887 
0.0289211 
-0.0118278 
0.00339837 
0.0229122 
0.0235585 
0.0233379 
-0.0036841 
-0.00288623 
0.0128929 
-0.000817888 
0.00842523 
0.00143073 
-0.00483236 
0.0223983 
-0.0257481 
-0.00414926 
-0.0163037 
0.059425 
0.0471857 
-0.0281485 
0.311561 
-0.035438 
-0.027153 
0.00704768 
-0.0280328 
-0.0167308 
0.0474308 
-0.0259176 
-0.0368898 
0.151125 
-0.0306647 
-0.0442061 
-0.00959405 
-0.052742 
0.0151208 
0.363553 
-0.0370879 
0.002981 
-0.0460106 
-0.0238964 
-0.033488 
-0.043552 
-0.0312193 
0.22106 
-0.0384152 
-0.0190215 
-0.0429008 
-0.0292653 
-0.00619631 
0.398013 
-0.0413998 
-0.055862 
-0.053462 
-0.0536522 
-0.0483839 
-0.00113162 
0.0111963 
0.0358432 
-0.0237917 
-0.0298497 
-0.0352668 
-0.0504015 
-0.0453795 
-0.0366174 
-0.0366674 
-0.0445479 
-0.0257866 
0.230257 
0.0107841 
-0.0335398 
-0.0454956 
-0.0113969 
-0.0433868 
-0.0389882 
0.218669 
-0.0243766 
-0.0441868 
0.031444 
-0.0479879 
0.1057 
-0.0509749 
0.00910711 
-0.0530549 
-0.0472667 
-0.0029758 
0.00964231 
0.0348035 
0.00464272 
-0.0316983 
-0.0197947 
-0.0303813 
-0.0267204 
-0.0424945 
0.297749 
-0.0541863 
-0.0438203 
-0.0146843 
-0.0256578 
-0.0486617 
-0.0200811 
-0.016354 
-0.0176491 
-0.0372016 
-0.00946183 
-0.0473901 
0.198261 
-0.00783855 
-0.0164738 
0.0252945 
-0.0493863 
-0.0465362 
-0.0409501 
-0.0405395 
-0.0405522 
-0.0307928 
0.0901776 
-0.0196545 
0.230704 
0.0136324 
-0.0334968 
-0.0231825 
0.0238027 
-0.052046 
0.00103608 
-0.0424109 
-0.0500632 
-0.0115009 
-0.0392898 
-0.0211008 
-0.0443637 
0.0100378 
-0.0437241 
-0.0357412 
-0.0235744 
-0.0396484 
0.223593 
-0.0407939 
-0.00837757 
0.364387 
0.160929 
-0.0559325 
-0.056751 
-0.0466196 
-0.0448803 
-0.0583633 
-0.0517148 
-0.0501039 
-0.00817754 
-0.0291082 
0.232538 
-0.0268795 
0.161378 
-0.0343899 
-0.0371957 
0.0348069 
-0.0514135 
-0.039425 
-0.0414337 
0.00297229 
-0.0184023 
0.0419757 
-0.0336031 
-0.0486579 
0.0167618 
-0.0298971 
-0.0516772 
-0.0417537 
-0.0360611 
0.000408272 
-0.0374956 
0.205943 
-0.0657135 
-0.0442248 
-0.0535393 
-0.0449141 
-0.043431 
-0.0376655 
0.210763 
-0.0555519 
-0.041416 
-0.0252887 
-0.0467531 
0.106928 
-0.0485417 
-0.00388559 
-0.0324805 
-0.0438479 
0.00588153 
-0.0477461 
0.0306443 
-0.0529966 
-0.0422617 
-0.0215422 
-0.0464267 
-0.0324584 
-0.0420174 
-0.0208072 
-0.0385299 
-0.0329652 
0.000432261 
-0.00881052 
-0.0395573 
0.0481192 
-0.0339894 
-0.0120492 
-0.0300283 
0.00755771 
-0.034338 
-0.0254397 
0.00626662 
-0.0351851 
0.0440053 
-0.0328766 
-0.0143645 
-0.0314212 
-0.0321823 
-0.0372517 
-0.0261322 
0.105578 
-0.0147183 
-0.0115107 
0.0220659 
-0.0333475 
-0.0175241 
-0.0361469 
0.316109 
0.0106966 
-0.0151759 
-0.042583 
-0.0347304 
-0.0340591 
-0.0165814 
0.0087938 
0.01018 
-0.0368563 
-0.039551 
-0.0335995 
-0.0180598 
0.19727 
-0.0620155 
-0.0189625 
-0.024592 
-0.0283949 
-0.0251955 
-0.00800898 
-0.0195483 
0.0154075 
-0.0131792 
-0.0180392 
0.00909449 
0.019879 
-0.0476042 
0.212751 
-0.0225682 
-0.0214836 
-0.0271981 
0.00536564 
0.0552897 
-0.0447822 
0.079127 
-0.0220048 
-0.0272741 
-0.00910431 
0.0789423 
-0.0309317 
-0.0351222 
0.111959 
-0.0142922 
0.00290356 
-0.0264115 
-0.0618679 
-0.0485207 
-0.0172324 
-0.0137545 
-0.070461 
0.16772 
0.0660659 
-0.0287958 
-0.00819167 
-0.0286288 
-0.00110604 
-0.0231317 
-0.02554 
0.257562 
-0.0265311 
-0.0206149 
-0.0249894 
-0.0490217 
-0.0125382 
-0.0225062 
0.475574 
-0.0424386 
-0.0423759 
0.0170198 
-0.0444827 
-0.046544 
-0.0447721 
-0.0336189 
0.0475505 
-0.0275198 
0.00316265 
-0.0377919 
0.10158 
-0.0143782 
0.0135171 
-0.0376148 
-0.0584077 
-0.0613675 
-0.0297288 
-0.0221092 
-0.0321655 
-0.029364 
-0.0335645 
-0.0271224 
-0.0599834 
-0.0424355 
0.012924 
-0.0414093 
-0.0382485 
-0.0407604 
-0.0359924 
-0.039438 
-0.0280305 
-0.0133206 
-0.0160355 
-0.0333438 
-0.0351627 
-0.028373 
0.322075 
0.0612555 
-0.00972079 
-0.0389285 
0.00261225 
0.026389 
-0.0290926 
0.01291 
-0.0369733 
-0.0290374 
0.0027981 
0.258853 
-0.0223712 
-0.0276197 
-0.0297099 
-0.0239223 
0.0445342 
-0.0514208 
-0.0221983 
-0.0116122 
-0.0171474 
0.0163173 
0.202964 
0.0703044 
0.0122791 
0.265477 
-0.0238085 
0.00548784 
0.0239592 
-0.0195978 
-0.0457804 
0.0396327 
-0.0146148 
-0.0075797 
0.0556852 
-0.00187211 
-0.0169112 
-0.00457135 
-0.0405661 
0.31128 
-0.0116298 
0.109336 
0.0134496 
-0.0139613 
-0.0447312 
-0.0252523 
-0.0247819 
-0.0346305 
-0.019871 
0.0360631 
0.214067 
0.0394973 
0.0328865 
-0.0573969 
-0.0290393 
0.0137224 
0.00800189 
-0.0559066 
0.229129 
-0.0387865 
-0.00918082 
-0.00704775 
-0.0525089 
3.11986e-05 
-0.0557716 
0.4585 
-0.0258409 
-0.0563191 
-0.0107631 
-0.0643093 
-0.041233 
-0.0533608 
-0.056203 
-0.00410552 
-0.0320184 
-0.0139094 
******************************************************

trainingErrorofBestEpoch
2.4223e-05 
0.00379132 
-0.0068602 
0.00145392 
0.00147386 
-0.00738676 
0.0370705 
0.0195911 
-0.0216482 
-0.0171579 
0.0187023 
0.022167 
0.00803476 
-0.0179098 
-0.00582352 
-0.00180604 
-0.00522363 
0.00689756 
0.00125842 
-0.0109575 
0.0243552 
-0.024878 
-0.0108592 
-0.0236587 
0.0553285 
0.0445519 
-0.0356346 
0.303626 
-0.0368955 
-0.0316634 
0.0173353 
-0.00474628 
-0.00579679 
0.0505233 
-0.0127852 
-0.0274829 
0.166437 
-0.0537324 
-0.0458513 
-0.0375476 
-0.034247 
0.0134295 
0.358172 
-0.0417639 
-0.0067318 
-0.0509837 
-0.0296356 
-0.0401509 
-0.0486648 
-0.0372479 
0.216036 
-0.0395648 
-0.0224116 
-0.0429228 
-0.0299331 
-0.0106082 
0.394591 
-0.0468333 
-0.0539565 
-0.0502225 
-0.0565586 
-0.0557729 
-0.000941151 
0.0106528 
0.0329763 
-0.0208718 
-0.0296814 
-0.0399215 
-0.0494648 
-0.0426583 
-0.0319616 
-0.036121 
-0.0479628 
-0.0229516 
0.225472 
0.0101766 
-0.0397832 
-0.0509452 
-0.0192294 
-0.0400779 
-0.0385994 
0.218282 
-0.0238639 
-0.0485345 
0.0290537 
-0.053178 
0.105392 
-0.0534574 
0.00536733 
-0.0504631 
-0.0452315 
0.000312384 
0.00544563 
0.0259975 
0.00585622 
-0.0316602 
-0.022292 
-0.0355219 
-0.0302513 
-0.0385553 
0.311858 
-0.0533091 
-0.0443955 
-0.0155595 
-0.0237378 
-0.047201 
-0.0200524 
-0.0122109 
-0.0145294 
-0.0338939 
-0.0140043 
-0.0480286 
0.202181 
-0.00404905 
-0.0146016 
0.0266089 
-0.0454404 
-0.0383326 
-0.0274975 
-0.0364551 
-0.0402484 
-0.0285887 
0.0952952 
-0.0143324 
0.224831 
0.00616743 
-0.0313361 
-0.0227346 
0.0209612 
-0.0531048 
0.0102879 
-0.0341637 
-0.0473736 
-0.0132455 
-0.0403924 
-0.0144995 
-0.0447373 
0.00797259 
-0.0452773 
-0.0287457 
-0.0174413 
-0.0376182 
0.22164 
-0.0346675 
-0.00241883 
0.373904 
0.162061 
-0.0623053 
-0.0491739 
-0.0429679 
-0.0481013 
-0.0625968 
-0.0537441 
-0.0490316 
-0.00763842 
-0.0282535 
0.236699 
-0.0218924 
0.166853 
-0.0379767 
-0.0475529 
0.0326425 
-0.042938 
-0.0462908 
-0.0514324 
-0.00277447 
-0.0142134 
0.0429702 
-0.032553 
-0.0519778 
0.0139641 
-0.0309923 
-0.0477782 
-0.0441639 
-0.0374797 
0.00214238 
-0.0353329 
0.206584 
-0.0584409 
-0.0413219 
-0.0523577 
-0.043054 
-0.0432232 
-0.0348024 
0.217895 
-0.0499201 
-0.0238204 
-0.0119834 
-0.0470656 
0.108154 
-0.0429677 
-0.00137214 
-0.0310123 
-0.0396206 
0.00463099 
-0.0482792 
0.0290367 
-0.0448192 
-0.0446374 
-0.0229969 
-0.0396107 
-0.025432 
-0.0332581 
-0.0203952 
-0.0333017 
-0.0293922 
0.0141756 
-0.0104809 
-0.0405763 
0.0564111 
-0.0110475 
-0.0138452 
-0.0324632 
0.00449965 
-0.0352974 
-0.0261872 
0.00508277 
-0.0345404 
0.0425463 
-0.0322294 
-0.0117287 
-0.0259813 
-0.0297722 
-0.027753 
-0.0304791 
0.0974433 
-0.001638 
-0.0159303 
0.0282285 
-0.0311955 
-0.0113334 
-0.0348708 
0.315975 
0.0086819 
-0.020524 
-0.0441622 
-0.0314493 
-0.0269966 
-0.0247085 
0.00295086 
0.0203107 
-0.0237762 
-0.025334 
-0.0290397 
-0.0210656 
0.247581 
-0.0245337 
-0.0116064 
-0.0246304 
-0.0274055 
-0.0241008 
-0.0102973 
-0.0201016 
0.017053 
-0.0105212 
-0.00943694 
0.0209304 
0.0223273 
-0.0349685 
0.22015 
-0.019926 
-0.0413088 
-0.0204324 
0.0129786 
0.0533344 
-0.0351422 
0.080743 
-0.0275564 
-0.0282153 
-0.0195857 
0.0694736 
-0.0383852 
-0.0424591 
0.104702 
-0.00686662 
-0.00213158 
-0.0103153 
-0.0601062 
-0.0348093 
-0.0168155 
-0.0158242 
-0.0540866 
0.182326 
0.0797134 
-0.00725115 
0.00581005 
-0.0189983 
-0.000212607 
-0.0132201 
-0.0151631 
0.26156 
-0.0157355 
-0.0203219 
-0.0257797 
-0.038429 
-0.0263282 
-0.0177633 
0.483093 
-0.0546581 
-0.0418545 
-0.00866336 
-0.0428242 
-0.0553387 
-0.0418769 
-0.0323582 
0.0520031 
-0.0281224 
-0.00331079 
-0.054693 
0.0941468 
-0.00988455 
0.0134513 
-0.0483466 
-0.0422894 
-0.0462076 
-0.0367095 
-0.0253025 
-0.0372237 
-0.0238155 
-0.0294526 
-0.0323145 
-0.03498 
-0.0465178 
0.0120673 
-0.0533064 
-0.0514005 
-0.0490148 
-0.0408008 
-0.0374229 
-0.0236551 
-0.0033476 
-0.0114647 
-0.0316747 
-0.0307746 
-0.00831315 
0.315459 
0.0301713 
-0.0165108 
-0.0374376 
0.00355449 
0.0304506 
-0.0332076 
0.0101687 
-0.0429564 
-0.0302945 
0.00730895 
0.251184 
-0.0235606 
-0.0371871 
-0.0311391 
-0.0443848 
0.0612374 
-0.0500688 
-0.016042 
0.0108183 
-0.0237607 
0.011331 
0.19514 
0.077937 
0.0285505 
0.289952 
-0.00935051 
0.0194691 
0.0362312 
-0.00400966 
-0.0328956 
0.0607708 
0.00540192 
0.00342132 
0.0337407 
-0.00521753 
-0.0113298 
0.00664753 
-0.0355052 
0.305104 
0.0010214 
0.114281 
0.0271961 
-0.00636631 
-0.0399174 
-0.0272704 
-0.0245006 
-0.0254296 
-0.0119952 
0.0180849 
0.214265 
0.0506776 
0.0399911 
-0.0565944 
-0.0412452 
0.0158534 
0.00865897 
-0.0631542 
0.224595 
-0.0440254 
-0.00709131 
-0.00125649 
-0.0543584 
-0.000970354 
-0.0608166 
0.449934 
-0.0168862 
-0.0653833 
-0.0242591 
-0.0583005 
-0.0504122 
-0.0529278 
-0.0600855 
-0.016345 
-0.0316989 
-0.000518249 
******************************************************

trainingErrorofBestEpoch
0.267911 
-0.081022 
-0.0889372 
-0.0582606 
-0.065656 
-0.0570396 
0.168689 
-0.0541309 
-0.0521215 
-0.0579036 
-0.0338441 
0.12841 
-0.00796244 
-0.0166416 
0.313169 
-0.0671853 
-0.0788116 
-0.0626389 
-0.0813938 
-0.0446884 
-0.0239938 
-0.0568852 
0.00851496 
-0.0190761 
0.0225676 
-0.00173725 
0.0894348 
-0.00306958 
0.00520673 
-0.00443265 
-0.00445351 
-0.0137735 
-0.0139932 
-0.0292886 
-0.0158531 
-0.00241153 
0.00794722 
-0.00362287 
0.00198676 
0.268186 
0.011576 
-0.00203235 
0.00464621 
0.0129868 
0.0186807 
0.0133454 
0.107667 
0.0186598 
-0.0106058 
0.0360627 
-0.0514133 
-0.0547646 
0.00837966 
0.0138711 
-0.0276427 
-0.00775851 
-0.0146204 
0.00211711 
0.0384519 
0.0209515 
0.00363467 
-0.0273905 
-0.0367043 
0.296778 
-0.0564865 
-0.073341 
-0.0649772 
0.3272 
-0.0813172 
-0.0776541 
-0.0546765 
-0.0172911 
0.0105819 
0.00949238 
-0.0527914 
-0.0353011 
-0.0651184 
-0.0213068 
-0.0654296 
0.161939 
-0.0481148 
-0.0689688 
0.0191094 
0.373597 
-0.0522392 
-0.0681604 
-0.0589952 
-0.00744566 
-0.0326737 
0.18711 
0.410111 
-0.0589967 
-0.0925528 
0.0194556 
-0.00452137 
-0.0221759 
-0.0506821 
0.0835839 
-0.0398016 
-0.0213788 
-2.6312e-05 
-0.00659121 
-0.0162088 
-0.0254463 
0.0584726 
0.228025 
-0.0994086 
-0.104234 
0.246379 
0.0486893 
-0.0560877 
-0.00392075 
0.00703718 
0.00598715 
0.00558319 
0.0773085 
-0.00598278 
0.00176842 
0.00441608 
0.0237082 
-0.021242 
-0.0161613 
0.0117783 
-0.0209211 
-0.0347958 
0.00405681 
-0.0432765 
-0.0345565 
-0.00765633 
-0.0262282 
-0.01426 
-0.0131082 
0.0225871 
-0.00102644 
0.00459924 
0.0191496 
-0.00932604 
0.0206273 
-0.0457913 
-0.0295695 
-0.0914475 
-0.0943494 
-0.0740914 
-0.0532301 
0.156677 
0.0328512 
-0.0218853 
0.313943 
-0.00392466 
0.0598028 
-0.0481598 
-0.0615564 
-0.0523594 
-0.0320443 
-0.0221491 
0.182018 
-0.0886947 
-0.0842849 
-0.0792751 
-0.0818666 
-0.056338 
0.136949 
-0.067167 
-0.0612055 
-0.0670233 
-0.0369901 
0.21298 
0.0339289 
-0.0686435 
-0.0511185 
-0.0596262 
-0.0462097 
-0.00870081 
0.0101209 
-0.0121701 
-0.0126101 
-0.0241061 
-0.0298621 
-0.0602889 
-0.0657205 
-0.0535729 
-0.0573277 
-0.0464752 
-0.0257778 
-0.0449196 
0.113162 
-0.00233139 
0.0583895 
-0.00440112 
-0.000330612 
0.0266177 
-0.00136466 
0.0497471 
0.400157 
0.0562158 
-0.0282047 
-0.0397984 
-0.0282783 
0.100256 
0.000318038 
-0.00248201 
0.00524898 
0.0077365 
0.0042615 
-0.0064084 
-0.00469891 
0.00409477 
-0.005352 
0.0937012 
0.0044179 
0.00905268 
0.00389482 
-0.01013 
0.00573114 
-0.0486407 
-0.023122 
-0.0212972 
0.0560744 
-0.0148115 
-0.0173855 
0.0127705 
0.145204 
-0.00107734 
0.00711217 
0.0477194 
-0.0233892 
-0.0345686 
0.24125 
-0.0653505 
-0.039919 
0.0176858 
-0.0469422 
-0.0600178 
-0.023821 
-0.0340806 
-0.0119066 
-0.0215039 
-0.0278327 
-0.0292815 
-0.0278309 
-0.0396104 
-0.00598583 
-0.027854 
0.000646913 
-0.0421802 
-0.0452954 
-0.0342737 
-0.0419544 
0.0144707 
-0.0273997 
0.0260932 
-0.0179098 
-0.0462939 
-0.0441524 
-0.0359844 
-0.0196628 
0.233583 
-0.00352435 
0.238777 
-0.04771 
-0.0200373 
-0.0298277 
-0.00384459 
-0.00512493 
0.287117 
-0.00147458 
0.0374381 
-0.00579356 
-0.0176272 
-0.0348559 
-0.0436192 
-0.037782 
-0.000667596 
-0.0382865 
-0.0182017 
0.275505 
0.0260648 
0.0932193 
0.0837759 
0.0577838 
0.0489824 
0.00339692 
0.00761875 
0.0635437 
0.0452788 
0.045443 
0.000653385 
0.00558587 
0.00138344 
0.0110717 
0.00570962 
0.02538 
0.0589647 
0.0348573 
0.0182338 
0.0456578 
0.000847874 
0.0521307 
-0.00264536 
-0.0118901 
-0.0195995 
-0.0358358 
-0.0231081 
-0.0397211 
0.20685 
-0.0375554 
-0.0173325 
0.0121446 
0.0123108 
0.0424115 
-0.00676694 
-0.00619926 
-0.00751885 
-0.0207486 
-0.00720339 
0.097292 
-0.053875 
-0.0126244 
0.00999724 
-0.0530448 
-0.0231039 
-0.0540411 
-0.0333375 
-0.0267164 
-0.0236505 
0.0362221 
-0.0403409 
-0.0402254 
-0.0267559 
-0.0357336 
-0.00063642 
0.0108178 
-0.0394533 
0.0550694 
-0.0307897 
-0.031035 
-0.0214606 
-0.0249271 
0.00885092 
-0.0123963 
-0.0164831 
0.291837 
-0.0409633 
-0.0615756 
-0.00279765 
-0.018347 
-0.0313219 
0.0464825 
0.0306814 
0.0923603 
-0.00637796 
0.0555617 
0.0136541 
-0.00303927 
0.285727 
0.0505433 
0.0157733 
-0.0181533 
-0.0202793 
0.0460138 
-0.0453754 
-0.0394056 
-0.0193092 
0.00306613 
0.00887404 
-0.00108139 
0.0894389 
-0.00263852 
-0.00238448 
0.0159004 
-0.00409162 
0.0581483 
-0.00373885 
0.06308 
0.00429124 
-0.00166054 
-0.0210781 
0.0416432 
-0.0451467 
0.233311 
0.235608 
-0.00360382 
-0.0166907 
0.0368874 
-0.00809604 
0.0130909 
0.054357 
0.026546 
0.500504 
-0.0300339 
-0.0415678 
-0.0573282 
-0.0596402 
-0.0648439 
-0.0114514 
-0.0412727 
-0.0115548 
-0.0113827 
0.21775 
-0.0153401 
0.00901793 
-0.0326276 
0.222039 
-0.0566125 
0.0172635 
-0.0224811 
-0.0545134 
-0.0624371 
-0.0596691 
-0.0577967 
-0.0508795 
******************************************************

trainingErrorofBestEpoch
0.0112815 
-0.0612421 
-0.00979729 
-0.0630697 
-0.0733243 
-0.0494939 
-0.0408401 
0.0105231 
-0.00602518 
-0.0295553 
-0.0277857 
-0.0491925 
0.049254 
-0.049962 
0.00724244 
0.0232707 
-0.0171512 
-0.041395 
-0.011083 
-0.0377461 
-0.0562368 
-0.0217013 
0.0406145 
0.017648 
-0.021904 
0.00810322 
-0.02151 
-0.0360443 
0.0387535 
0.0103698 
-0.0412901 
0.0204143 
-0.0249913 
0.0170968 
-0.0316589 
-0.0341129 
-0.0467249 
-0.0324651 
-0.0296511 
-0.0346972 
-0.0327662 
0.00406892 
-0.0379747 
-0.0369543 
-0.0118824 
0.246149 
0.224366 
0.350751 
-0.000315626 
-0.0533318 
-0.0666419 
-0.0602673 
-0.044387 
-0.054874 
-0.0556013 
0.24795 
-0.0188971 
-0.0365849 
-0.0527287 
-0.0503245 
-0.0549248 
0.161164 
0.228703 
-0.0572516 
-0.0553727 
0.0110813 
-0.0342917 
-0.0176359 
0.0173557 
0.0380934 
0.0117662 
-0.0432974 
-0.0484328 
0.0125326 
-0.0475963 
0.00620886 
-0.00758316 
-0.0238032 
-0.00807814 
0.232219 
-0.0342721 
0.00952251 
-0.0529902 
-0.0390228 
-0.00757659 
-0.0489259 
-0.0103232 
-0.0478238 
-0.0174712 
0.237851 
-0.0582087 
-0.0311014 
-0.0525266 
-0.0562616 
0.0619097 
-0.0369778 
0.0299015 
-0.0297344 
-0.038903 
-0.0408348 
-0.0513673 
-0.0524527 
-0.0482532 
-0.049328 
-0.0479779 
-0.0398193 
-0.0482829 
-0.0136324 
0.00175742 
-0.0288194 
-0.0423471 
-0.0311774 
-0.0336722 
-0.0380281 
-0.0318828 
-0.0233049 
-0.0364903 
0.0324485 
0.0029843 
-0.0340077 
0.0563253 
0.00513586 
0.0315152 
0.320202 
0.200226 
0.00355364 
-0.037621 
-0.035212 
-0.0245177 
0.0973925 
-0.00922727 
0.232829 
0.0130386 
-0.0430828 
-0.0120019 
-0.0287085 
-0.0286506 
-0.0429475 
-0.00159069 
-0.0229142 
-0.0397773 
0.00365538 
-0.0062385 
-0.0183347 
-0.0225749 
-0.022812 
0.0314222 
-0.0216907 
-0.0463216 
-0.0435485 
-0.0423493 
0.211311 
-0.0286635 
-0.0329891 
0.0400253 
0.0108023 
-0.0179575 
-0.0145107 
-0.0416202 
-0.0350555 
-0.0353895 
-0.0386677 
-0.0277867 
-0.0231868 
-0.0105485 
-0.0382773 
0.0115769 
-0.0172691 
-0.00170518 
-0.0331802 
-0.0299437 
-0.02195 
0.00935682 
-0.0322346 
-0.00476836 
0.11251 
0.123627 
0.00297361 
0.0525802 
-0.0254584 
-0.0333181 
-0.0242431 
0.062073 
0.0424958 
0.0933765 
-0.0347832 
-0.0320765 
-0.0395953 
-0.0389187 
0.269075 
-0.0345602 
-0.0327348 
-0.00218009 
-0.0332668 
0.0160372 
-0.0170354 
0.0128359 
0.317684 
-0.0482026 
-0.0482932 
-0.0515537 
-0.0305248 
-0.03137 
-0.0382973 
-0.0494338 
-0.0388344 
0.0333094 
0.0608635 
0.00210455 
-0.0456521 
0.0569643 
-0.0258921 
-0.0459456 
-0.0246203 
-0.0411842 
-0.0359938 
-0.0203529 
0.00802582 
-0.0389813 
0.12032 
-0.0410647 
0.224065 
0.00255369 
-0.0356346 
0.387037 
-0.000505482 
0.271886 
-0.0758043 
-0.0484982 
0.0247179 
-0.0580166 
0.261044 
0.00564104 
-0.0416221 
-0.0788188 
-0.0183916 
-0.0429272 
-0.120059 
-0.0202623 
-0.0384307 
0.0104979 
-0.0447187 
-0.0214232 
-0.0501763 
-0.028012 
0.0200587 
-0.0475883 
-0.0548275 
0.318991 
-0.049401 
-0.0270703 
-0.0132879 
-0.0244168 
-0.0685505 
-0.0101604 
-0.0390555 
-0.023241 
-0.0512961 
-0.0311483 
-0.0238592 
-0.0429115 
0.0988284 
0.0666003 
-0.0451704 
-0.0230487 
-0.0264698 
0.00421681 
-0.0489496 
-0.0012658 
-0.00686799 
-0.0465579 
0.00253237 
-0.0115926 
-0.0285848 
-0.0382273 
-0.0338104 
-0.0247682 
0.353187 
0.170387 
0.0714442 
-0.00612275 
-0.0478902 
0.10579 
0.302822 
-0.0467802 
-0.0118593 
-0.0545395 
-0.0724876 
-0.0363329 
0.0422645 
-0.0488154 
-0.0430494 
-0.031653 
-0.060478 
-0.0354504 
-0.0177521 
0.0532689 
-0.0484302 
0.0128881 
-0.0330828 
-0.0383338 
-0.0164186 
0.198945 
-0.0429988 
-0.0483631 
0.235889 
-0.0731825 
-0.0496413 
0.213552 
-0.0625565 
-0.0231901 
-0.0101643 
-0.00782302 
-0.0507489 
-0.0611775 
-0.0548271 
-0.0472981 
-0.0493114 
-0.0412387 
-0.026711 
-0.0441379 
-0.0488813 
-0.0114009 
-0.0245337 
-0.0497043 
0.0392032 
0.00392245 
0.228281 
-0.0300418 
0.0150284 
-0.0395721 
-0.0346796 
-0.018381 
0.0437538 
-0.0489433 
0.0359302 
-0.0449957 
-0.0556738 
-0.00560753 
-0.0439462 
-0.0699741 
0.115256 
0.0123308 
0.0776666 
-0.0204769 
0.0274446 
-0.0271437 
0.0112977 
0.00173953 
-0.0471019 
-0.0190285 
0.0351393 
-0.0380138 
-0.0351566 
-0.0251379 
-0.0375484 
-0.0829894 
-0.0165622 
-0.0117322 
-0.063273 
-0.00105698 
-0.028047 
-0.0128945 
-0.0404538 
-0.0199932 
0.0143779 
-0.0120106 
-0.034446 
-0.0322052 
-0.00974803 
-0.0189835 
-0.024965 
0.0107177 
0.23461 
0.0546719 
-0.00719405 
-0.0346803 
7.11756e-06 
-0.0127052 
0.0253676 
0.215857 
-0.0292147 
-0.0127782 
-0.0981325 
0.250534 
0.00573658 
-0.0597493 
-0.0396517 
0.109036 
-0.0446391 
-0.0536458 
-0.00890305 
-0.0338239 
-0.0942811 
-0.029308 
-0.0311443 
-0.117858 
-0.0214848 
0.000834479 
-0.0271341 
-0.0305636 
0.0142091 
0.0141572 
-0.0376154 
0.514684 
-0.0414597 
-0.0414646 
0.0492603 
-0.0448083 
-0.0112869 
-0.0441065 
******************************************************

trainingErrorofBestEpoch
0.00444083 
-0.0123491 
-0.0309738 
-0.0608864 
0.0333584 
-0.0212078 
-0.0205227 
0.152118 
-0.0703986 
-0.0514728 
-0.0281238 
-0.0561423 
-0.0591062 
-0.0462643 
-0.0327836 
-0.0105741 
0.023321 
-0.0108566 
0.0231941 
0.0143258 
0.315398 
-0.0233754 
-0.0354103 
-0.00287273 
-0.0103209 
-0.0629898 
0.00452148 
0.0274549 
-0.0414745 
-0.00257607 
0.0175836 
0.0118219 
-0.013717 
-0.0628924 
0.0295709 
-0.00520312 
-0.0492039 
-0.0230667 
0.0995307 
-0.0483057 
-0.0372324 
-0.038031 
-0.00967539 
0.230661 
-0.029842 
0.0194468 
-0.029065 
-0.0473248 
0.0344236 
-0.0180908 
-0.0558494 
-0.0493194 
-0.0506574 
0.0803333 
0.0230879 
-0.012318 
-0.0308538 
-0.0199723 
-0.0215374 
-0.0100709 
0.0198714 
-0.00107942 
-0.00699219 
-0.0188954 
-0.0262604 
0.209611 
0.0860152 
-0.0194459 
-0.00653788 
-0.0603109 
-0.0359596 
0.295173 
-0.0319666 
-0.0027829 
0.0622511 
-0.0413938 
0.347801 
0.012771 
0.184115 
0.181828 
-0.0242116 
0.0213439 
0.0408409 
-0.0707463 
-0.028032 
-0.0669817 
0.0120355 
0.0141108 
0.28559 
-0.0844349 
0.160035 
-0.0309434 
0.0229819 
-0.0134628 
-0.0420763 
-0.0832026 
-0.0546339 
-0.05733 
-0.0233971 
-0.0574986 
-0.00220078 
-0.0125084 
0.0354924 
-0.0726481 
0.237083 
-0.030637 
-0.0125942 
-0.0394147 
-0.0810692 
-0.0710602 
0.208861 
-0.014941 
-0.0136949 
-0.0461062 
-0.0649827 
-0.0599997 
-0.00748472 
-0.0104844 
-0.0642391 
0.00596578 
-0.00214608 
-0.0736008 
0.208583 
-0.071549 
-0.0276661 
0.0182166 
-0.0399871 
0.0705947 
-0.0807119 
-0.0431799 
-0.0225133 
-0.0128147 
-0.0343394 
-0.014168 
-0.00327282 
0.0746705 
0.000448251 
0.207914 
0.0378789 
0.0116531 
-0.0519034 
-0.0762527 
-0.0544362 
-0.0521858 
0.0248794 
-0.0266602 
-0.0288485 
-0.0682222 
-0.0538529 
-0.0147645 
0.00220366 
-0.0291333 
-0.0263222 
-0.0649421 
0.0275636 
-0.0370542 
-0.0299755 
-0.00764298 
0.0895759 
-0.0240442 
0.222069 
0.288433 
-0.032803 
0.0888489 
-0.0153187 
-0.0768189 
-0.0473117 
0.0111396 
0.0461589 
-0.011821 
-0.0295044 
-0.064391 
-0.0593069 
-0.0306883 
0.0089838 
-0.0414381 
-0.0177934 
0.000328794 
-0.0126688 
-0.0676027 
-0.0550547 
-0.0363095 
0.000847532 
0.268692 
-0.00462295 
-0.0665878 
-0.0645329 
-0.0283694 
0.0665201 
-0.00506068 
-0.0063888 
0.235961 
-0.064692 
0.0567229 
0.226581 
-0.0337077 
0.0149853 
0.0638039 
-0.0630306 
-0.0558069 
-0.0103966 
0.048066 
0.00479363 
0.366409 
0.0579743 
-0.0547671 
-0.0619825 
0.0910062 
-0.00954727 
-0.0714573 
-0.0582749 
-0.0585144 
0.0446544 
-0.00241454 
-0.0238971 
0.0178182 
0.000659965 
-0.0577243 
-0.063009 
-0.0467674 
-0.035617 
0.0193235 
-0.0280037 
0.447558 
-0.0711353 
-0.0757768 
-0.0210497 
-0.00620478 
-0.0169378 
-0.0669185 
0.140228 
-0.00372181 
0.00224834 
-0.00934608 
0.147091 
0.00420904 
-0.00488387 
-0.0488354 
0.072357 
-0.0569354 
0.0421609 
-0.0229786 
-0.0685387 
-0.0289138 
0.280639 
-0.021418 
-0.0146946 
-0.0512458 
-0.0714575 
-0.0712986 
-0.038282 
0.00213518 
-0.0077638 
-0.0141702 
0.0776476 
0.0621239 
-0.0289832 
-0.0528085 
-0.0502253 
0.043652 
-0.0169402 
-0.0431731 
-0.0520442 
-0.0586626 
-0.0141261 
-0.0100457 
-0.00707006 
-0.0604492 
-0.0530842 
-0.0459371 
0.000794655 
0.154079 
-0.0319653 
-0.0103241 
0.0906187 
-0.054195 
-0.0293713 
-0.0305714 
0.0185953 
-0.00896518 
0.0163381 
-0.0481673 
-0.0260871 
-0.000188725 
0.0158348 
-0.00165985 
-0.0409694 
-0.0386434 
-0.0326868 
0.00128566 
0.0269161 
0.00596494 
0.0216048 
0.01478 
-0.0327785 
-0.0375777 
-0.0373793 
-0.0126332 
0.0338335 
-0.015302 
-0.0210663 
-0.0169728 
-0.032133 
0.0284177 
-0.0104174 
-0.00126094 
-0.0312034 
-0.0296444 
0.00784678 
0.00264329 
0.0304429 
-0.0185182 
0.00359231 
-0.00791828 
-0.0307046 
0.0196659 
-0.018429 
-0.00175218 
-0.0118716 
0.407812 
-0.0475215 
-0.0411869 
-0.0104328 
0.0664385 
-0.0466935 
0.249767 
-0.0286474 
0.0175954 
0.0640272 
-1.10992e-05 
-0.0374362 
0.00983701 
0.0255069 
-0.0446738 
-0.0464376 
-0.0310348 
0.0786528 
-0.0133396 
-0.0500338 
-0.0434214 
-0.0453852 
-0.0219083 
-0.0128121 
-0.0362321 
-0.0334521 
-0.037902 
0.0189791 
0.00327693 
0.103316 
-0.0123321 
0.0418641 
0.0933556 
-0.037892 
-0.0222384 
0.0060974 
0.0174566 
-0.00987096 
-0.00954468 
-0.0237234 
-0.0358907 
0.207249 
-0.00323263 
0.244277 
-0.0483356 
0.00873267 
-0.0514011 
-0.00407896 
-3.97596e-05 
-0.035399 
-0.00508 
0.0271122 
-0.0266639 
-0.0217475 
-0.0393524 
-0.0163637 
0.0523866 
-0.0374925 
0.0184456 
0.251871 
-0.046065 
-0.0174196 
-0.029918 
-0.0198047 
-0.0418739 
0.0558907 
-0.0111926 
0.0129082 
-0.00476689 
0.458055 
-0.0599144 
-0.0527908 
0.0264176 
-0.0572784 
-0.00133386 
0.00264245 
0.0217725 
0.205171 
-0.0644412 
0.21651 
0.031345 
0.000344668 
-0.0660634 
-0.0673473 
-0.0662364 
0.021202 
0.0392511 
-0.0268228 
0.0293481 
-0.0112438 
-0.0451957 
0.0391678 
******************************************************

trainingErrorofBestEpoch
9.25033e-05 
0.0137701 
-0.00619155 
0.0209876 
0.0351844 
-0.0413077 
-0.0328178 
-0.0258183 
-0.0183774 
-0.011843 
0.0252601 
0.00752013 
0.00670613 
-0.014536 
-0.0218523 
-0.00162524 
-0.004746 
0.0159685 
0.00188356 
-0.0191829 
0.0227383 
-0.0232386 
0.0106476 
-0.0147738 
0.0753045 
0.0515914 
-0.0301589 
0.304571 
-0.0351544 
-0.0423489 
0.0320583 
-0.0392446 
0.0284268 
0.0484752 
0.0124373 
-0.00680754 
0.182929 
-0.00366839 
-0.0466931 
0.0152859 
-0.0503342 
0.0443209 
0.342224 
-0.037585 
-0.015868 
-0.0678766 
-0.0350199 
-0.0234397 
-0.0574948 
-0.00533866 
0.199631 
0.00238881 
-0.0226169 
-0.0130322 
-0.00285153 
-0.0076089 
0.419364 
-0.0547913 
-0.0289188 
-0.051524 
-0.0345681 
-0.0388887 
0.00820849 
0.0253435 
0.0412676 
-0.0152913 
-0.0170065 
-0.0368581 
-0.0342559 
-0.0596146 
-0.0253313 
-0.037936 
-0.0424071 
-0.0147637 
0.220509 
0.0260309 
-0.0453734 
-0.0323554 
-0.0153615 
-0.0402394 
-0.0345904 
0.209732 
-0.0272452 
-0.0324004 
0.0223393 
-0.0190839 
0.0814352 
-0.0169774 
-0.0210454 
-0.0271976 
-0.0307993 
0.00182834 
0.0154534 
0.00656423 
0.017102 
-0.0425845 
-0.020639 
-0.0440716 
-0.0440137 
-0.046023 
0.288125 
-0.0642904 
-0.0239087 
-0.0383258 
0.00710863 
-0.066172 
0.0182997 
-0.0196369 
-0.00265788 
-0.0326769 
-0.0133465 
-0.0306288 
0.186575 
0.00185643 
-0.0195293 
0.0246619 
-0.0501762 
-0.0685026 
-0.0447888 
-0.0425354 
-0.0525518 
-0.0180845 
0.0701416 
0.00811539 
0.226365 
0.0363169 
-0.0438123 
-0.0265593 
0.0361759 
-0.0568527 
0.00598437 
-0.0397851 
-0.053925 
0.00427692 
-0.0581077 
-0.0134747 
-0.0515045 
0.0106457 
-0.0346759 
-0.0580094 
-0.0230031 
-0.0566602 
0.263739 
-0.0477687 
-0.0244603 
0.355483 
0.163013 
-0.0620568 
-0.049288 
-0.0597178 
-0.0196542 
-0.0691398 
-0.022746 
-0.0572985 
0.0157654 
-0.0109782 
0.247926 
-0.0243875 
0.137396 
-0.0226689 
-0.051695 
0.0416831 
-0.0510432 
-0.0610343 
-0.0461603 
-0.00207952 
-0.0254601 
0.0598147 
-0.0430004 
-0.0178625 
-0.00671914 
-0.00711273 
-0.0593786 
-0.0297939 
-0.0345222 
-0.00990546 
-0.0365067 
0.218405 
-0.044242 
-0.0412731 
-0.0530644 
-0.0485431 
-0.0603847 
-0.0445145 
0.21515 
-0.063539 
-0.0351607 
-0.0485083 
-0.025216 
0.0921342 
-0.0273393 
-0.00641743 
-0.0275951 
-0.0406854 
-0.00448759 
-0.0381753 
0.0246844 
-0.0452016 
-0.0404813 
-0.0352503 
-0.0422826 
-0.0406166 
-0.0473303 
-0.0140775 
-0.0495904 
-0.0257163 
-0.0240664 
0.00968042 
-0.0424858 
0.0579885 
-0.0201115 
-0.016221 
-0.0316858 
0.00288228 
-0.03528 
-0.0223502 
-0.00364831 
-0.0305031 
0.0286695 
-0.0322516 
-0.0193894 
-0.0375982 
-0.0299868 
-0.043271 
-0.020796 
0.0919337 
-0.00172832 
-0.0179651 
0.0259201 
-0.0326378 
-0.0207729 
-0.0347248 
0.337489 
0.00810451 
0.00362659 
-0.0532106 
-0.0212115 
-0.0408528 
-0.0216541 
0.0153132 
0.0136479 
-0.0226955 
-0.0476432 
-0.0294783 
-0.0215575 
0.250313 
-0.0241283 
-0.0348459 
-0.0301259 
-0.0292692 
-0.0298445 
0.00324628 
-0.0363986 
0.0220052 
-0.0339137 
-0.0200173 
-0.00572539 
0.00370461 
-0.0333639 
0.24863 
-0.0438921 
-0.0391979 
-0.0238561 
0.0252596 
0.0395173 
-0.0279052 
0.0614928 
-0.0335191 
-0.020975 
-0.0183329 
0.096797 
-0.0494881 
-0.0150291 
0.0959453 
-0.011443 
-0.00495466 
-0.039174 
-0.0362845 
-0.0340783 
-0.03994 
-0.0233656 
-0.0453805 
0.231984 
0.0338469 
-0.0329699 
-0.0290927 
-0.0398243 
0.00262692 
-0.0496623 
-0.0219276 
0.232743 
-0.0278227 
-0.0469735 
-0.037399 
-0.0195223 
0.00820512 
-0.0399628 
0.491905 
-0.056305 
-0.0174454 
-0.00769121 
-0.0225666 
-0.0499696 
-0.0306229 
-0.0343531 
0.0485783 
-0.013696 
-0.016027 
-0.0286438 
0.0931979 
-0.00487954 
0.0070217 
-0.0528846 
-0.0341609 
-0.0462369 
-0.0453348 
-0.0148932 
-0.0439074 
-0.00796875 
-0.0525219 
-0.0199222 
-0.0398945 
-0.0231792 
0.0376955 
-0.0439647 
-0.0249806 
-0.0444839 
-0.0248943 
-0.0389181 
-0.0331443 
-0.0136187 
-0.0251295 
-0.0334687 
-0.0268618 
-0.0263329 
0.326007 
0.04861 
-0.000685565 
-0.0315957 
0.0273915 
0.0437469 
-0.0116727 
0.0323522 
-0.0392564 
-0.0102901 
-0.00210327 
0.267116 
-0.0264594 
-0.0429874 
-0.0307741 
-0.0458766 
0.0589756 
-0.0368417 
-0.0445368 
-0.00514244 
-0.0293381 
0.0301044 
0.196405 
0.0451049 
-0.00236095 
0.265343 
-0.0452225 
-0.0357941 
-0.0176139 
-0.0255298 
-0.0595199 
0.0295827 
-0.036684 
-0.030734 
0.0659102 
-0.00269029 
-0.0211189 
-0.0422137 
-0.0173422 
0.30102 
-0.028427 
0.0838575 
-0.023983 
-0.0180618 
-0.059969 
-0.0341755 
-0.014788 
-0.0578679 
-0.00476377 
0.0268024 
0.248796 
0.02895 
0.00694221 
-0.0320926 
-0.042446 
0.0208383 
-0.0545285 
-0.0289632 
0.230279 
-0.0486707 
-0.0518642 
-0.0215775 
-0.0437364 
0.0142277 
-0.0588042 
0.504869 
-0.0438012 
-0.0111958 
-0.0119909 
-0.0285062 
-0.0505204 
-0.0423329 
-0.0402326 
-0.0131674 
-0.0135905 
-0.00886736 
******************************************************

trainingErrorofBestEpoch
0.0184139 
-0.00254625 
0.0101794 
0.0172193 
-0.00270332 
-0.0487392 
0.0460582 
-0.0154039 
0.0476322 
-0.0124524 
-0.0393382 
0.23527 
-0.0635342 
-0.0455447 
0.0138588 
-0.0300417 
-0.0358629 
-0.0764693 
0.18788 
-0.0921101 
-0.0559692 
0.00876543 
0.247027 
0.0353416 
-0.0735091 
0.403964 
-0.0923832 
0.217773 
-0.0103049 
0.0304926 
-0.0514141 
0.401107 
0.0319151 
-0.0837337 
-0.0141825 
0.00398625 
-0.0152493 
-0.0433296 
-0.0465548 
-0.0765645 
-0.047024 
-0.0197549 
-0.00530437 
0.0514975 
-0.0519701 
0.199063 
-0.0990275 
0.0386182 
0.00859975 
-0.0161176 
-0.0481623 
-0.0377023 
-0.0644033 
-0.119224 
-0.0616736 
-0.0454611 
-0.0221309 
-0.0120705 
-0.087276 
-0.0553843 
0.139064 
-0.0275816 
-0.0365844 
-0.0163162 
0.00826126 
-0.0859866 
-0.0846614 
0.209431 
-0.0297617 
0.0125306 
-0.00851822 
0.301118 
0.142792 
-0.0960871 
-0.0427989 
-0.0221184 
0.00386012 
-0.000666442 
0.0766899 
0.004763 
0.175146 
-0.0888422 
0.032043 
0.00625401 
0.0256833 
0.0113493 
0.0925434 
-0.102264 
-0.0277641 
-0.00359587 
0.181236 
0.0606172 
-0.100994 
-0.134601 
-0.0873917 
-0.0231808 
-0.0129843 
0.00132503 
0.238937 
-0.0291331 
-0.133238 
-0.0232961 
-0.034352 
-0.00372375 
0.0169219 
-0.0569802 
-0.0779154 
-0.0680653 
-0.0529154 
0.281501 
-0.00488947 
-0.00337027 
-0.0519053 
-0.0565285 
-0.04466 
-0.0418652 
-0.01248 
0.0211736 
0.0425577 
-0.0516657 
0.0127169 
-0.0839276 
-0.0380111 
-0.00356892 
-0.00432166 
0.173978 
-0.0470921 
-0.0744043 
-0.0414956 
0.0307523 
-0.0388362 
-0.0551397 
-0.0204072 
0.0680719 
-0.100314 
0.26625 
-0.0568262 
-0.0389145 
0.00192055 
-0.0294496 
-0.0834558 
-0.0864982 
-0.0320262 
-0.0211781 
-0.00668857 
-0.0110683 
-0.0282223 
-0.0468981 
-0.0231384 
0.333505 
-0.0113755 
-0.00626364 
0.0400151 
-0.0267679 
0.358944 
-0.089394 
0.0823461 
0.0457703 
0.00187107 
0.250957 
-0.0787325 
-0.0846651 
-0.0640068 
-0.0124089 
0.0609931 
-0.0507854 
-0.0245255 
-0.0703599 
-0.0746474 
-0.0718362 
-0.0453654 
-0.0324108 
-0.0171158 
-0.0429574 
-0.0584127 
-0.0611481 
-0.0538502 
-0.0178885 
-0.00161687 
-0.00124779 
-0.0508799 
0.191968 
-0.057487 
0.0216795 
-0.00385378 
0.00504312 
0.397853 
-0.0392023 
-0.0643691 
-0.0294173 
-0.0199922 
0.0109853 
0.00265418 
-0.0118711 
-0.0470493 
-0.0771005 
-0.00974223 
0.043973 
0.00542766 
0.00301997 
-0.0316306 
-0.0757004 
-0.0600071 
-0.0435202 
-0.0158148 
0.312275 
-0.0162661 
-0.0156182 
-0.0582264 
-0.0432406 
-0.0533164 
0.0195816 
-0.0232796 
0.00628065 
0.0216747 
0.000594141 
-0.0516287 
-0.0303346 
-0.00617479 
-0.00346836 
-0.0106273 
0.0121063 
-0.0357403 
0.0148137 
-0.00542961 
0.0623903 
0.0167209 
-0.00357515 
0.0513435 
-0.0418242 
-0.02509 
0.00559926 
0.0215391 
-0.00294628 
-0.0303673 
-0.0383776 
-0.0376583 
-0.024857 
-0.0170626 
-0.019123 
0.0124209 
0.355232 
-0.065714 
-0.0467658 
-0.0590478 
-0.0291804 
-0.0305701 
0.0437478 
-0.0374395 
-0.0518354 
-0.047493 
0.0435625 
-0.026561 
0.228919 
0.00292386 
0.0185882 
0.20063 
-0.0310438 
0.037002 
0.00155613 
-0.00435328 
-0.00695776 
0.0196561 
-0.0230314 
-0.0107992 
0.0348232 
-0.0037416 
0.0759134 
-0.00430369 
-0.0316283 
-0.0325141 
-0.0344021 
-0.0210696 
0.0324127 
-0.0100274 
-0.0465987 
-0.0393975 
0.0318827 
-0.0163518 
-0.0320935 
-0.0125035 
0.225697 
-0.000122465 
-0.0544017 
0.023872 
-0.0177788 
-0.0393488 
-0.0363129 
-0.0293748 
0.0181115 
-0.0424793 
-0.0159562 
0.0249219 
-0.0110868 
0.0494271 
-0.00611533 
0.0589851 
0.127205 
-0.0139271 
0.00285327 
0.00746079 
-0.00179663 
0.0728645 
-0.0295639 
-0.0291533 
-0.00586568 
0.00880395 
-0.00761774 
0.0210659 
-0.0261689 
-0.0369757 
-0.0446069 
-0.0352401 
-0.0307461 
-0.0121947 
-0.035537 
-0.0220802 
-0.0416783 
-0.0463786 
0.0174811 
-0.0194918 
-0.0237261 
-0.0254803 
-0.0312222 
-0.0247369 
-0.0309808 
-0.0159962 
0.239849 
0.00131198 
-0.00751675 
0.0129537 
-0.0105964 
-0.00632828 
0.0285971 
0.213454 
0.00979514 
0.00622665 
-0.00654385 
0.00946443 
-0.00483497 
-0.00231029 
-0.00373952 
0.0102999 
0.344237 
-0.0173363 
-0.0286233 
0.0849573 
-0.0158182 
-0.0259482 
-0.0253331 
-0.0216771 
-0.0412232 
0.0011353 
-0.0298778 
-0.0342562 
-0.0329862 
-0.0318748 
-0.0314576 
-0.0405483 
0.0280774 
-0.000444908 
0.0498708 
-0.0203861 
-0.0130234 
0.0428787 
-0.0131064 
-0.012065 
0.00637574 
0.0370639 
-0.00408164 
0.0513194 
-0.0148356 
0.0721199 
0.019201 
0.0190022 
0.00922146 
0.00380658 
0.00104677 
0.00644138 
-0.0247796 
-0.0107203 
-0.00475192 
0.0124999 
0.0280978 
0.0555057 
-0.0412316 
-0.0326274 
0.0374499 
0.00853874 
0.110487 
-0.0425676 
-0.0274913 
-0.00702135 
-0.0429741 
-0.00479973 
-0.020508 
0.0425496 
0.0225548 
-0.0139835 
-0.0201276 
-0.00236359 
-0.0222196 
0.0398799 
-0.0122895 
0.00559685 
0.0346844 
0.00395056 
-0.0113705 
0.00180473 
0.1495 
0.0955052 
******************************************************

trainingErrorofBestEpoch
0.000125253 
0.00424198 
0.00332118 
0.030683 
0.0593102 
-0.0241283 
-0.0135131 
-0.0034438 
-0.0335543 
-0.00358949 
0.0202372 
0.0330137 
-0.011099 
-0.0110071 
-0.0195095 
0.00364967 
-0.0195802 
0.0143528 
-0.00530889 
-0.00726005 
-0.00420462 
-0.0158406 
-0.000540509 
-0.00491409 
0.047284 
0.055897 
-0.0308275 
0.316352 
-0.0689082 
-0.0394019 
-0.0179066 
-0.042031 
-0.0311641 
0.0282261 
-0.0408548 
-0.0393319 
0.151301 
-0.0427206 
-0.0569299 
-0.0130351 
-0.0386454 
0.0253923 
0.346343 
-0.00924397 
0.0140144 
-0.0411571 
-0.0388941 
-0.00385109 
-0.0282505 
-0.0267695 
0.201692 
0.000537542 
0.00904442 
-0.0416518 
-0.0446489 
0.0273224 
0.429765 
-0.00709798 
-0.0406942 
-0.00203697 
-0.0272216 
-0.016046 
0.0128279 
0.0583897 
0.0671823 
0.00948711 
-0.0145848 
0.00711195 
-0.0209899 
-0.0202711 
-0.0211483 
-0.00185542 
-0.0223854 
-0.00596143 
0.236961 
0.0473446 
-0.00555614 
-0.0406084 
-0.0126247 
-0.0198999 
-0.0174807 
0.210098 
-0.0335722 
-0.0251028 
0.0537226 
-0.0634968 
0.0918722 
-0.0396376 
0.00889392 
-0.0741337 
-0.051735 
-0.00169108 
0.00359135 
-0.00601268 
-0.0242096 
-0.0486789 
-0.0353456 
-0.0727386 
-0.0572755 
-0.0651591 
0.254135 
-0.0847833 
-0.0581028 
-0.0447746 
-0.0435639 
-0.0477596 
-0.00381206 
-0.0343804 
-0.0221807 
-0.0305863 
0.0206618 
-0.0574018 
0.205163 
0.0181423 
0.0192473 
0.0177724 
-0.0348734 
-0.0163476 
-0.00999783 
-0.0519029 
-0.0213523 
-0.00431168 
0.118682 
-0.0310896 
0.252999 
0.060001 
-0.0309948 
-0.0464941 
0.0508991 
-0.00130514 
0.0109054 
-0.0610416 
-0.0233237 
0.0389944 
-0.0315479 
-0.0353434 
-0.0132293 
0.0525971 
-0.0340631 
-0.055661 
-0.00354669 
-0.00681294 
0.236714 
-0.0645625 
0.00106851 
0.404028 
0.178665 
-0.0648415 
-0.00892838 
-0.00757419 
-0.0460939 
-0.065169 
-0.0092889 
-0.0170744 
-0.0143229 
-0.0346078 
0.279435 
-0.0172887 
0.145255 
-0.0559787 
-0.0227897 
0.0369995 
-0.068875 
-0.0714813 
-0.0523128 
-0.00827373 
-0.0398342 
0.0282029 
-0.0423036 
-0.0577613 
0.029679 
-0.014899 
-0.0557082 
-0.0463033 
-0.00976879 
0.02906 
-0.0505705 
0.223536 
-0.0135434 
0.00383326 
-0.0580028 
-0.0528946 
-0.00659753 
-0.00473601 
0.205145 
-0.0620678 
-0.00466747 
0.0132592 
-0.0617737 
0.0936359 
-0.00417805 
0.0404413 
-0.0497384 
-0.0541975 
0.0483327 
-0.00634072 
0.0156744 
-0.0485785 
0.000169279 
0.0166123 
-0.0532498 
-0.0254087 
-0.00774123 
0.0172407 
-0.0486938 
-0.0340419 
0.023351 
0.0239506 
-0.0487415 
0.054577 
0.0057766 
0.0119721 
-0.0483693 
0.0124627 
-0.0116722 
-0.00720022 
-0.00931204 
-0.0241232 
0.0625878 
-0.0199476 
-0.0293311 
-0.0192987 
-0.0240812 
-0.0223746 
-0.0464026 
0.115097 
-0.0101108 
-0.0146916 
0.00865061 
-0.0322586 
-0.0235677 
-0.0447909 
0.286233 
-0.0181676 
-0.0450284 
-0.0461832 
-0.0464873 
-0.0433656 
-0.0466975 
0.0276937 
0.0251256 
-0.0331104 
-0.0502151 
-0.0156064 
-0.00763422 
0.243594 
-0.0449991 
0.00204304 
-0.0127554 
-0.0449852 
-0.044621 
0.0150167 
-0.00399744 
0.000641597 
-0.0309066 
0.0026854 
0.0295236 
0.00294229 
-0.0360836 
0.296733 
-0.00932769 
-0.0341525 
-0.0158784 
0.0491832 
0.0818684 
-0.0301404 
0.071928 
-0.00692284 
-0.000514057 
-0.0107556 
0.0765057 
-0.00355477 
-0.00261374 
0.102698 
-0.0235603 
0.0332429 
0.00116368 
-0.0403576 
-0.030583 
-0.0122476 
-0.00349843 
-0.0454348 
0.214028 
0.072372 
-0.0110455 
-0.0408791 
-0.0444009 
0.00722175 
-0.0171757 
-0.054744 
0.236379 
-0.037526 
-0.0263945 
-0.0619642 
-0.0329341 
0.0106473 
-0.0389365 
0.430904 
-0.0922848 
-0.0772973 
-0.0197599 
-0.0608276 
-0.0431846 
-0.0675715 
-0.0457307 
0.0527383 
-0.012029 
-0.0210934 
-0.035676 
0.114178 
0.0101949 
-0.000421574 
-0.0218991 
-0.0124408 
-0.0189037 
-0.0510236 
-0.00297298 
-0.0131172 
-0.00705555 
-0.0468748 
-0.00570604 
-0.0196434 
-0.00906558 
0.0228109 
-0.00279359 
-0.0150417 
-0.0166437 
-0.0388988 
-0.00161714 
-0.0117199 
0.00476692 
-0.0222688 
0.00118787 
-0.0127433 
-0.0074825 
0.308324 
0.0916733 
0.0128669 
-0.0377853 
-0.00989009 
0.0608358 
-0.00411427 
0.00916618 
-0.0534137 
0.000564651 
0.0241803 
0.248222 
-0.0478666 
-0.00331651 
-0.00748249 
-0.0576331 
0.0405363 
-0.0191393 
-0.0188931 
-0.0397036 
-0.0461065 
0.0271854 
0.196425 
0.00295698 
-0.0381341 
0.251483 
-0.0715519 
-0.0838899 
-0.0528537 
-0.081851 
-0.0784735 
-0.0146808 
-0.0400465 
-0.0660603 
0.0432254 
0.000863689 
-0.0283831 
-0.0418474 
-0.0474676 
0.328014 
-0.0291252 
0.0898226 
-0.0120666 
0.0111035 
-0.0191426 
-0.0269635 
-0.0260513 
-0.0177948 
-0.00454191 
0.046223 
0.232896 
0.0738354 
0.0471624 
-0.0439804 
-0.0148982 
0.0465111 
0.00115017 
-0.0434797 
0.242922 
-0.0042285 
-0.0122308 
-0.0229214 
-0.0316255 
0.0462744 
-0.0142527 
0.443288 
-0.0258048 
0.00423746 
0.0257667 
-0.077979 
-0.0378636 
-0.00288166 
-0.0284726 
-0.0290904 
-0.00491782 
0.0276824 
******************************************************

trainingErrorofBestEpoch
-0.0286777 
-0.0152715 
0.000675819 
-0.0236871 
0.204619 
0.227982 
-0.0587678 
-0.0596663 
-0.00382641 
-0.00182289 
-0.0494722 
0.00821805 
-0.0479534 
-0.0539742 
-0.0450304 
-0.0402763 
-0.03795 
-0.0409313 
0.0137892 
0.110974 
-0.00192945 
-0.041023 
-0.0163776 
-0.022441 
-0.0293354 
-0.00621427 
-0.0138727 
-0.0394982 
0.306038 
-0.053873 
-0.0495444 
-0.05043 
-0.045842 
-0.0396974 
-0.0441219 
-0.0442322 
-0.0368314 
-0.0271564 
-0.00624107 
-0.0308612 
-0.0343118 
-0.0151615 
-0.0409464 
-0.0290913 
-0.0224582 
-0.0190885 
0.21252 
-0.0256165 
-0.0315948 
-0.0212032 
0.317806 
-0.0354266 
-0.0422867 
-0.0361371 
-0.0271446 
0.0181677 
-0.0324398 
-0.0268374 
-0.0330051 
0.013344 
-0.0426095 
-0.0450186 
-0.033192 
-0.032605 
-0.0376911 
0.0470117 
0.0233064 
0.415103 
-0.0367545 
-0.0264729 
0.00967924 
0.0605191 
-0.0176791 
-0.0354001 
-0.0387696 
-0.00560132 
0.0178908 
-0.0189102 
-0.0271496 
0.052351 
-0.0279242 
-0.0307866 
-0.0158201 
-0.0456841 
-0.0477182 
0.0405603 
0.311477 
0.079362 
0.0801045 
-0.0529445 
-0.0407178 
0.0141051 
-0.0149696 
0.0648145 
0.0219333 
-0.00861605 
0.0210028 
0.00895697 
0.0305737 
-0.0314832 
0.0212074 
0.25205 
-0.0525458 
-0.0563597 
-0.0539606 
-0.0547177 
-0.0503239 
-0.0545101 
-0.0336537 
-0.0502542 
-0.0346944 
-0.0386005 
-0.0390825 
-0.0402683 
1.74671e-05 
-0.0316577 
0.0130006 
-0.0100966 
-0.0229072 
0.0724842 
0.0550177 
-0.0284468 
0.0148423 
-0.000790896 
0.000764971 
-0.0413694 
-0.0202127 
0.0487842 
-0.0218568 
-0.0320783 
-0.0408471 
-0.0416542 
-0.0408335 
-0.0325686 
-0.0319571 
-0.00300416 
-0.0306892 
-0.0235367 
0.0560753 
-0.0286716 
0.0539913 
-0.0081646 
-0.0245778 
-0.0178597 
-0.00962874 
-0.0252429 
0.122031 
-0.0359841 
0.246777 
-0.0106341 
-0.0246007 
-0.0180975 
-0.0335543 
0.00337806 
-0.0394564 
-0.0177171 
-0.0342553 
-0.0447577 
-0.0386665 
-0.0406335 
0.0109522 
-0.0383491 
-0.0359344 
-0.0368907 
-0.0233161 
-0.0234607 
0.00359833 
0.00761205 
-0.00859368 
0.0295298 
-0.0288247 
0.32062 
-0.0423392 
-0.0342113 
-0.032638 
-0.031546 
-0.0198798 
0.0351815 
0.234989 
-0.0428086 
-0.0298572 
-0.0287436 
-0.0395264 
-0.0372527 
-0.0363778 
-0.017547 
-0.0347591 
-0.0112056 
-0.0342229 
0.0238621 
-0.0243078 
-0.0168863 
-0.0211847 
0.0112609 
-0.0340559 
-0.0276509 
-0.029358 
0.0222077 
-0.0180823 
-0.0303287 
-0.0277018 
-0.0371219 
0.0432993 
-0.0306758 
-0.0338494 
-0.0333298 
-0.0130375 
0.0712815 
0.110597 
-0.0234831 
0.0564297 
-0.0232297 
-0.0214531 
0.029282 
-0.0215377 
-0.017354 
-0.0139738 
-0.019618 
0.0526552 
0.0247379 
0.0822415 
-0.0154065 
-0.0168363 
0.105907 
-0.0254059 
-0.0389692 
-0.0356737 
0.00480237 
0.244458 
-0.0445673 
0.235058 
-0.0278487 
-0.0147098 
-0.0129446 
-0.0343584 
-0.0242027 
0.0185537 
-0.0333816 
-0.0290986 
-0.00969164 
0.0178283 
-0.00540312 
0.0221834 
-0.0286986 
-0.0125862 
0.00388054 
-0.0349054 
-0.0492969 
-0.0425608 
-0.0133297 
-0.04449 
-0.0447612 
-0.00240254 
-0.0234174 
-0.0307299 
-0.0123137 
-0.032133 
0.0110522 
0.0274517 
-0.0328929 
-0.016998 
0.0123924 
-0.0266112 
0.0195584 
0.0453765 
-0.0131421 
-0.0200418 
0.0293145 
0.00501064 
0.360702 
-0.0269328 
0.205175 
0.0181813 
0.195875 
-0.0697178 
0.14454 
-0.0473406 
0.0518344 
-0.0237942 
-0.0404791 
-0.0184321 
-0.0408784 
-0.00917802 
-0.0376641 
-0.0615294 
-0.0430733 
-0.0326745 
-0.0320934 
-0.0191741 
-0.0356171 
-0.0513979 
0.000197304 
-0.0316717 
-0.0522237 
-0.0530748 
-0.0492344 
0.198466 
0.257576 
-0.0509526 
-0.0315907 
-0.0231644 
0.00836712 
-0.0437435 
-0.0411046 
-0.00320336 
-0.0302666 
-0.0578622 
-0.0189395 
-0.0501701 
-0.037438 
-0.050525 
-0.0369185 
-0.0256299 
-0.0456664 
-0.0392349 
-0.0469181 
0.214585 
0.0235376 
0.0355964 
-0.0575017 
-0.0410151 
-0.0463812 
0.0035281 
-0.0311816 
0.0735665 
0.240506 
-0.0394117 
0.0174901 
-0.0513092 
-0.0535503 
0.0312752 
-0.00568772 
0.283547 
-0.0421666 
-0.0628933 
-0.0523614 
-0.0394934 
-0.0395915 
-0.0315556 
-0.052443 
-0.0492086 
-0.0517702 
-0.0471976 
-0.0387527 
-0.0388796 
-0.0190952 
-0.0280412 
-0.0319682 
-0.0388691 
0.185785 
0.154607 
-0.0545856 
-0.0347753 
-0.0569861 
-0.0452493 
0.456746 
-0.0689961 
0.00438673 
-0.0421146 
0.0129017 
-0.00691657 
-0.0249472 
-0.0319956 
-0.0222761 
0.00433896 
-0.0437398 
0.465916 
-0.0539393 
-0.00611633 
0.220289 
-0.0513945 
-0.0707179 
-0.0731394 
-0.0446853 
-0.0453316 
-0.0620998 
-0.036842 
-0.0558858 
-0.0571241 
0.348705 
-0.0402005 
0.00755938 
0.00839938 
0.0373175 
-0.0040125 
-0.00371832 
-0.0518361 
-0.0380889 
0.00505999 
-0.0406367 
-0.0171918 
-0.0538367 
-0.0437857 
-0.0574748 
0.040433 
-0.0657013 
-0.0327693 
0.0846845 
0.206953 
0.21837 
-0.0817264 
-0.07856 
-0.0724689 
-0.00303828 
-0.00452215 
0.249482 
-0.0308355 
-0.0284045 
-0.0233713 
-0.0229918 
-0.0391198 
******************************************************

trainingErrorofBestEpoch
0.0132004 
-0.0408446 
-0.0388201 
0.411314 
0.0240185 
0.0804422 
0.0234958 
0.00702063 
-0.102439 
-0.0587805 
0.0409762 
-0.0293193 
0.00178007 
0.0389003 
0.0397301 
-0.0496236 
0.006145 
-0.00632847 
-0.0679598 
-0.0497918 
-0.0237344 
-0.00680829 
-0.0356417 
0.00494086 
-0.099406 
0.00482465 
-0.0238555 
0.0379189 
-0.0545217 
-0.0340532 
-0.064094 
0.018174 
0.00137709 
0.0326529 
-0.0609122 
-0.0311831 
-0.0358433 
0.0297393 
0.00305192 
-0.0302184 
0.199288 
-0.0201146 
0.0128699 
-0.0168618 
0.00429608 
-0.0937572 
-0.00620821 
0.117891 
0.131255 
-0.0431424 
-0.0495994 
-0.069453 
0.0198175 
-0.00273206 
0.00365469 
-0.0621282 
0.0410775 
0.230337 
0.253799 
-0.00955849 
-0.00921202 
0.253524 
-0.0169474 
-0.0623709 
-0.0247683 
-0.0277922 
0.194337 
-0.0569452 
-0.0179021 
0.0129467 
-0.0632786 
-0.0500171 
-0.0871227 
0.0170418 
0.0197892 
-0.0160163 
-0.0297836 
-0.0655751 
0.0258605 
0.0135984 
-0.0202675 
-0.00426954 
-0.0796543 
0.0196706 
-0.0441929 
0.0408396 
0.26111 
0.0348096 
0.330149 
-0.0151949 
0.113139 
-0.0405553 
-0.0375392 
-0.0262208 
0.027239 
-0.0141285 
-0.0193081 
-0.0498821 
-0.0381718 
-0.0634141 
0.0388622 
-0.0244487 
0.021976 
-0.0923807 
-0.00313501 
-0.0463623 
0.0381019 
-0.0181188 
-0.0263722 
-0.0396155 
0.00193707 
-0.0400649 
-0.0181593 
0.0107567 
-0.0843624 
-0.0286619 
0.00305459 
-0.0187172 
0.246463 
0.137584 
-0.0295462 
0.0103437 
-0.0148024 
0.0379442 
-0.0782426 
-0.0608155 
-0.0544342 
0.0894886 
0.0338305 
0.071226 
-0.00425967 
-0.011425 
-0.034351 
0.313425 
-0.0234273 
-0.0525598 
-0.0261205 
-0.00753234 
-0.0380226 
-0.0614958 
-0.0300951 
-0.0168614 
0.00485503 
-0.00717978 
-0.036751 
0.438282 
-0.0956244 
0.234782 
-0.0118233 
0.0231073 
0.198774 
0.123133 
-0.00672813 
-0.0801881 
0.0365195 
-0.0228743 
0.00360491 
-0.032999 
0.0578709 
-0.0811712 
-0.0595979 
0.25012 
-0.0989225 
-0.0155721 
0.00439767 
0.22215 
-0.0924157 
-0.0932062 
-0.0396154 
0.00136402 
0.00347668 
-0.0423808 
-0.0679205 
-0.0616745 
0.0552584 
0.0020416 
0.0350535 
-0.0174349 
-0.0340379 
0.0402852 
-0.0758831 
-0.0296008 
-0.0303958 
0.0333793 
-0.0125779 
0.0298509 
-0.0669725 
-0.0616387 
-0.0640388 
-0.0689981 
-0.00102472 
0.0209572 
0.198548 
-0.0665209 
-0.0618745 
-0.0218507 
-0.0180947 
0.0868427 
0.0473533 
-0.0586674 
0.00899745 
-0.0618479 
0.204783 
0.00818157 
-0.0305143 
0.019364 
-0.00310177 
-0.0351784 
-0.0649711 
-0.0281913 
-0.0450425 
0.0265166 
0.00313191 
-0.0609905 
-0.048701 
0.213029 
-0.0453935 
0.0553856 
0.019809 
-0.041869 
-0.0664085 
-0.0310688 
-0.063507 
-0.0169629 
-0.00461419 
0.040595 
0.318915 
-0.00250395 
-0.0490773 
-0.0451266 
-0.0397552 
-0.0550383 
-0.00766694 
-0.00452607 
-0.0357413 
-0.0589091 
-0.069823 
0.346994 
0.0211985 
-0.00894608 
-0.0473735 
0.0213765 
-0.0571098 
-0.0631281 
0.0360008 
0.0261392 
-0.0100079 
-0.0255013 
0.00949924 
-0.0474741 
-0.00971336 
0.055666 
-0.0651988 
-0.00942707 
-0.00344001 
0.228823 
-0.0626377 
-0.0389142 
0.00926506 
-0.0040402 
0.000856254 
-0.054592 
-0.0220658 
0.141839 
0.0371009 
0.0439712 
0.0290292 
-0.0408796 
-0.054607 
-0.0266029 
-0.0608832 
0.0469972 
0.0366694 
-0.0348935 
-0.0168241 
-0.00634625 
-0.0144484 
-0.0444626 
-0.0324954 
0.297696 
0.0100774 
0.000468382 
-0.0591229 
-0.0750742 
-0.0193019 
-0.0333603 
-0.000720917 
0.0469641 
-0.0482282 
-0.0612072 
-0.0418388 
-0.0111088 
0.00837023 
-0.013341 
-0.0110274 
-0.0293238 
0.0118811 
-0.0202647 
0.289289 
-0.0146789 
-0.0465013 
0.0254266 
-0.00274411 
-0.0260716 
-0.0565446 
0.173351 
0.194536 
0.000373666 
0.018352 
-0.0689826 
-0.0752321 
-0.0555651 
0.202423 
-0.0154679 
0.139768 
-0.0475506 
-0.0398834 
-0.0390191 
-0.0111766 
-0.00521736 
-0.026383 
-0.0510071 
-0.0094409 
0.0870859 
-0.0636184 
-0.0617956 
-0.0525512 
-0.0222149 
0.031211 
0.0907969 
-0.00915957 
0.0103193 
-0.0487502 
-0.0461511 
0.00146816 
0.00649321 
-0.0335742 
-0.0379426 
-0.0341379 
-0.0533504 
0.0263222 
0.0550379 
-0.0271013 
-0.0119429 
0.0118133 
-0.0580368 
-0.0264277 
0.392591 
-0.0507773 
-0.00394564 
0.000582534 
-0.0478594 
-0.0414166 
-0.0334931 
-0.0374086 
0.061035 
-0.00782519 
-0.0479128 
-0.0497608 
-0.0398634 
-0.032159 
0.00238188 
-0.0145811 
-0.0426373 
-0.0172594 
-0.0071609 
0.0366718 
0.0245593 
-0.0392633 
-0.0363416 
0.0474045 
0.00234161 
0.00915005 
-0.0463303 
-0.0619346 
-0.0388998 
0.0271489 
-0.00356264 
-0.0374453 
-0.00653163 
-0.0411091 
-0.0355949 
0.00926424 
-0.0101202 
-0.00481578 
-0.0305894 
-0.0125379 
-0.0151058 
-0.0057607 
-0.0241565 
-0.0277508 
-0.0140892 
-0.00124148 
-0.0335937 
-0.0264546 
-0.0287866 
0.0146935 
-0.000698734 
0.000796929 
0.0104392 
0.0998477 
0.216991 
0.0613228 
-0.001436 
-0.0101403 
-0.0431212 
-0.0447191 
0.0226832 
-0.0439792 
0.0103557 
0.0523068 
******************************************************

trainingErrorofBestEpoch
-0.00642562 
-0.0095733 
-0.0414504 
-0.0291939 
0.0925185 
-0.0286407 
-0.0277092 
-0.0378234 
0.00522313 
-0.0439272 
-0.00526017 
-0.0383972 
-0.00823984 
-0.0455731 
-0.0448503 
-0.0327226 
-0.0218908 
-0.0229253 
0.0233083 
-0.0201421 
-0.0313262 
-0.0194411 
-0.0294198 
-0.0371248 
-0.0167088 
0.0146849 
-0.0134468 
0.0125963 
-0.0277085 
0.000450369 
-0.0369892 
-0.0195791 
-0.0241474 
0.0154912 
-0.00858288 
0.0101818 
0.00835261 
-0.0278143 
0.0903678 
-0.0272278 
0.0136044 
0.0312128 
0.0269171 
-0.0370031 
-0.0139109 
-0.0171141 
0.0584067 
0.230948 
-0.0363501 
0.011781 
-0.0383006 
-0.0245348 
-0.0230694 
0.0481245 
-0.0308196 
-0.0235639 
0.0269631 
-0.0390198 
-0.0327573 
0.362211 
-0.0304292 
-0.0348134 
-0.00710675 
0.070827 
-0.0227992 
-0.0238503 
-5.36603e-05 
-0.0478166 
0.25244 
-0.0033417 
-0.0352484 
0.0111022 
-0.0483019 
-0.0213308 
-0.0347395 
-0.0371651 
0.0378367 
-0.015846 
0.00610551 
-0.0344937 
-0.0203334 
0.159688 
-0.0500339 
-0.0437368 
0.39907 
-0.0312318 
-0.0336607 
-0.0274177 
-0.059917 
-0.0360384 
-0.050931 
-0.0541204 
-0.0307437 
-0.0153007 
0.024455 
-0.0517707 
-0.0263011 
0.0384862 
-0.0495432 
-0.0238386 
-0.0268764 
-0.00544753 
0.228773 
-0.0239527 
-0.0528201 
0.00545972 
0.236789 
0.000118129 
0.459801 
0.0195126 
0.00925312 
-0.0383467 
0.294845 
0.0452676 
-0.0402636 
-0.0743924 
-0.0678314 
0.0134834 
-0.0585303 
-0.00250927 
-0.0414757 
0.0242933 
0.243632 
-0.0367419 
-0.0426783 
-0.0605105 
-0.0608291 
-0.0197322 
-0.0512551 
-0.0289735 
-0.0312284 
0.193519 
-0.0373307 
-0.0124405 
-0.033103 
-0.0504233 
-0.0781361 
-0.0271138 
-0.0677772 
-0.0620952 
0.185599 
-0.0485648 
-0.0557922 
-0.068505 
0.0133586 
-0.0243689 
-0.0568877 
0.00144205 
-0.0458425 
0.149243 
-0.0571388 
0.00745009 
-0.0614544 
0.0131582 
-0.0370906 
-0.0402772 
-0.0616277 
-0.03318 
-0.0234675 
0.182854 
-0.0425169 
-0.0178687 
0.00245142 
0.283692 
-0.0462677 
-0.0350543 
-0.0141445 
0.0294749 
-0.0239344 
-0.0169943 
0.218403 
0.0262832 
-0.00976024 
-0.0693765 
0.223591 
-0.0471993 
-0.0246287 
-0.0484074 
0.00578293 
-0.0256345 
-0.0433264 
-0.00590456 
-0.0463757 
-0.0747376 
-0.0638829 
-0.0148509 
-0.0714586 
-0.0403424 
-0.0483047 
-0.0423915 
-0.0593163 
4.37421e-05 
-0.0378586 
-0.0242054 
-0.0436551 
-0.00735572 
-0.0313495 
-0.0103061 
-0.0153675 
-0.0488089 
-0.0584352 
-0.0424748 
-0.0265222 
-0.0412681 
-0.0578169 
-0.0237307 
-0.0490571 
0.243932 
-0.0346343 
-0.0407659 
-0.0316296 
0.458874 
0.00943327 
-0.0410745 
-0.0650452 
-0.0463183 
0.1012 
-0.0523456 
-0.0488877 
0.00971409 
0.291153 
-0.0619134 
-0.0450161 
-0.0215097 
0.0363582 
-0.0243607 
8.80703e-05 
-0.058757 
0.0220399 
-0.0445874 
-0.0515497 
-0.0676688 
-0.0277873 
-0.033443 
-0.0303266 
-0.0556921 
-0.0333942 
-0.0237542 
-0.0570078 
0.0098339 
-0.0419465 
-0.0206469 
-0.0473326 
0.0515934 
-0.0336017 
-0.0494753 
0.00264834 
-0.0559804 
0.0916534 
0.0104997 
-0.0124751 
-0.0515148 
-0.0518184 
0.02305 
0.090296 
-0.0449215 
0.00216414 
-0.0230611 
-0.013213 
-0.0308505 
-0.0238584 
-0.0365209 
0.0674048 
-0.0279652 
-0.0193489 
-0.0446267 
0.00798451 
0.0285018 
-0.0486802 
-0.040201 
-0.000662468 
-0.0250918 
0.230915 
-0.00801649 
-0.052644 
-0.0518658 
-0.0415732 
-0.0261502 
0.00817116 
0.177389 
-0.0025777 
-0.0533931 
0.000538614 
0.0196625 
-0.0383057 
-0.0483953 
-0.0446853 
0.236456 
-0.0488489 
-0.0238504 
-0.0394569 
-0.0202363 
0.0199271 
0.0324002 
-0.0484904 
-0.042321 
-0.0248296 
-0.0136789 
-0.0252931 
-0.0427137 
0.225046 
-0.0596442 
-0.0577807 
0.0142139 
-0.00809913 
0.0175065 
-0.0486645 
0.0200439 
-0.0506939 
-0.0399536 
0.0281283 
-0.0349049 
-0.0190289 
-0.0225821 
0.22067 
-0.0254491 
0.279627 
0.0814651 
-0.0495 
-0.0233069 
-0.0243386 
0.255551 
-0.0215878 
-0.0424735 
-0.0235966 
-0.0560316 
0.0190235 
-0.000533092 
0.00957446 
-0.033813 
-0.0177931 
-0.0114945 
0.0206306 
0.230096 
-0.001209 
-0.0073371 
-0.0165237 
-0.0145768 
-0.0639758 
-0.0690837 
-0.0478752 
0.0166401 
-0.00154429 
0.0541634 
0.33893 
-0.0319965 
0.0667415 
-0.0662961 
0.00918211 
-0.0110775 
0.127113 
-0.0685097 
-0.0200279 
-0.0750427 
-0.0696845 
-0.0375936 
-0.0188478 
0.0280062 
0.0989542 
0.261169 
-0.071272 
-0.0693782 
-0.0185089 
-0.012756 
-0.0280838 
0.0340995 
-0.0145954 
-0.0554378 
-0.0436834 
-0.0393245 
-0.0520277 
-0.00808731 
-0.00857723 
0.0562612 
-0.0439024 
-0.0466115 
-0.052002 
0.297726 
0.0493802 
-0.0441799 
-0.0412777 
-0.0559938 
-0.02266 
-0.0611229 
0.0152964 
0.0550753 
-0.0441645 
-0.0254757 
-0.0316448 
-0.0081811 
-0.00835905 
-0.00164529 
-0.0374604 
0.0224739 
-0.0314892 
0.00864708 
-0.0124044 
-0.0178073 
-0.0259265 
-0.0394099 
-0.0269994 
-0.0371035 
-0.0242651 
0.0048363 
-0.0301976 
-0.0406146 
-0.038855 
0.0360802 
-0.0332396 
-0.00915624 
-0.0177869 
******************************************************

trainingErrorofBestEpoch
9.1477e-05 
0.00274833 
-0.00963707 
0.017545 
0.0736796 
-0.0324962 
-0.0163493 
-0.0216047 
-0.021521 
-0.00206378 
0.0221414 
0.00871142 
0.00381236 
-0.0183819 
-0.0234006 
-0.00856428 
-0.0030245 
0.00938874 
-0.00858435 
-0.0174977 
0.00747411 
-0.0177585 
0.00198515 
-0.00922747 
0.0677473 
0.0614161 
-0.0229742 
0.313509 
-0.0334797 
-0.0253456 
-0.000734622 
-0.0314762 
0.00340876 
0.0460686 
-0.0199255 
-0.0305859 
0.165167 
-0.0350258 
-0.0352269 
-0.0243741 
-0.0339115 
0.0191567 
0.358008 
-0.0392281 
0.00540576 
-0.0551742 
-0.0312686 
-0.0149431 
-0.0494019 
-0.0446273 
0.221289 
-0.0378758 
-0.029685 
-0.0391073 
-0.0238518 
-0.0192896 
0.389237 
-0.0325545 
-0.0590099 
-0.0523764 
-0.0596813 
-0.0405521 
0.0244997 
0.00125047 
0.0364038 
-0.0196306 
-0.0281073 
-0.0442735 
-0.0547177 
-0.0148831 
-0.050401 
-0.0494128 
-0.0323741 
-0.0249125 
0.21662 
0.0108407 
-0.0147085 
-0.0608504 
-0.030202 
-0.0200748 
-0.0469099 
0.212091 
-0.0263128 
-0.0432837 
0.0394693 
-0.0606919 
0.113529 
-0.0426137 
-0.00851204 
-0.054653 
-0.0395817 
0.0116845 
-0.00917862 
0.01657 
0.0275701 
-0.034587 
-0.0368865 
-0.0385767 
-0.0252658 
-0.0555451 
0.291251 
-0.00757656 
-0.0511414 
-0.0287558 
-0.0183202 
-0.0461048 
-0.0206742 
-0.0225793 
-0.00267013 
-0.0237062 
-0.0165995 
-0.042995 
0.198315 
-0.0059277 
-0.0215472 
0.025583 
-0.0103066 
-0.0584858 
-0.0536918 
-0.031778 
-0.0398496 
-0.0468357 
0.0900896 
0.00502467 
0.223191 
-0.00766223 
-0.0165763 
-0.0358086 
0.0222249 
-0.0484684 
0.0121782 
-0.0391414 
-0.0623754 
0.0123833 
-0.036607 
-0.0224357 
-0.0456002 
0.00704278 
-0.0253519 
-0.0571977 
-0.0462211 
-0.0196391 
0.240651 
-0.0612587 
-0.0344416 
0.37317 
0.164293 
-0.0599081 
-0.0176996 
-0.0554086 
-0.0520963 
-0.048671 
-0.0491973 
-0.0557071 
-0.00943846 
0.000454538 
0.246997 
-0.0366803 
0.158136 
-0.0460951 
-0.03879 
0.0317747 
-0.0584471 
-0.0329069 
-0.0519596 
-0.0100946 
-0.0251969 
0.0415172 
-0.0405367 
-0.0513492 
0.0287026 
-0.0347061 
-0.050767 
-0.0346236 
-0.0403256 
-0.00677366 
-0.0426474 
0.227619 
-0.0571867 
-0.0171024 
-0.0506696 
-0.0563284 
-0.0426891 
-0.0423083 
0.210483 
-0.0537413 
-0.0286476 
-0.0374409 
-0.0528755 
0.110588 
-0.0545454 
-0.00653198 
-0.0336392 
-0.0425498 
0.0112341 
-0.0439074 
0.0291269 
-0.0501686 
-0.0373665 
-0.0236996 
-0.0468042 
-0.0184529 
-0.0413971 
-0.0237499 
-0.0344835 
-0.0400499 
-0.0148838 
-0.0079794 
-0.0315708 
0.0399343 
-0.025 
-0.00886726 
-0.0406466 
-0.00166002 
-0.0367574 
-0.0281249 
0.00310589 
-0.0320623 
0.0451345 
-0.0389754 
-0.0124769 
-0.034246 
-0.0405534 
-0.0274378 
-0.0284711 
0.0984429 
-0.00877544 
-0.0111701 
0.0209108 
-0.0333171 
-0.0147982 
-0.0386309 
0.316236 
0.0332978 
-0.0203956 
-0.0451011 
-0.0337964 
-0.0326856 
-0.0321679 
0.0106626 
0.0307202 
-0.0260835 
-0.0405329 
-0.0347158 
-0.0232556 
0.251906 
-0.0329983 
-0.0320267 
-0.024016 
-0.0411545 
-0.0387367 
-0.0131101 
-0.029144 
8.59939e-05 
-0.0233053 
-0.0179129 
-0.00462728 
0.00151439 
-0.0220281 
0.25899 
-0.0463726 
-0.0392751 
-0.0156621 
0.0136277 
0.0423142 
-0.0285157 
0.0640517 
-0.0412384 
-0.0339219 
-0.017971 
0.0809209 
-0.0353422 
-0.0378646 
0.110725 
-0.0181862 
-0.0026246 
-0.033776 
-0.0301985 
-0.0322673 
-0.0352114 
-0.0249117 
-0.0372529 
0.215607 
0.0507526 
-0.0395832 
-0.0320323 
-0.0365114 
-8.29203e-05 
-0.0429627 
-0.0371644 
0.247985 
-0.0511329 
-0.0409538 
-0.0383267 
-0.024357 
0.0181731 
-0.0311765 
0.473953 
-0.0546943 
-0.0373261 
0.00440986 
-0.0451131 
-0.0364509 
-0.0381789 
-0.0436049 
0.0510803 
-0.0296023 
-0.00882491 
-0.0396108 
0.0982778 
-0.0211788 
0.0320418 
-0.0447581 
-0.040208 
-0.0442023 
-0.0369141 
-0.0408944 
-0.0333254 
-0.0120295 
-0.0441547 
-0.0432961 
-0.0359917 
-0.0356964 
0.0257334 
-0.0362617 
-0.0297699 
-0.0357838 
-0.0330367 
-0.0332364 
-0.0356552 
-0.0109829 
-0.0179418 
-0.0365437 
-0.0190409 
-0.0222725 
0.316575 
0.0611156 
-0.0143931 
-0.0471345 
0.0030705 
0.0350091 
-0.0324229 
0.00987725 
-0.0305665 
-0.0319913 
-0.00206086 
0.264335 
-0.0246666 
-0.0378834 
-0.0281258 
-0.0302486 
0.0580088 
-0.042264 
-0.0357025 
-0.0250934 
-0.0192198 
0.0148142 
0.192229 
0.0353863 
-0.0044356 
0.267436 
-0.0471251 
-0.0399198 
-0.0194296 
-0.0501415 
-0.0276576 
0.00511837 
-0.0345797 
-0.0426652 
0.0588526 
-0.0103468 
-0.0370425 
-0.01713 
-0.0449167 
0.310963 
-0.0451935 
0.0901634 
-0.0154809 
-0.0126881 
-0.0523239 
0.00216522 
-0.0468 
-0.0460243 
-0.0390502 
0.0508727 
0.214837 
0.0305802 
0.0313396 
-0.0511615 
-0.0441339 
0.0244091 
-0.0460003 
-0.0529924 
0.235326 
-0.0376932 
-0.0633292 
-0.0154199 
-0.0264045 
-0.00307937 
-0.0565856 
0.469318 
-0.0367026 
-0.0361256 
-0.00977271 
-0.0460163 
-0.0379623 
-0.0491839 
-0.0592253 
-0.00728255 
-0.0123748 
-0.023692 
