******************************************************

TrainError:
0.0856719 0.0852897 0.0880931 0.0867005 0.0869438 0.0873317 0.086516 0.0864602 0.0871603 0.0874341 0.0872728 0.0848729 0.08732 0.0856994 0.0879564 0.0860268 0.0863609 0.0877994 0.0874906 0.0854637 0.0866534 0.08663 0.0846355 0.0883186 0.0867727 0.0860775 0.0867064 0.0872243 0.088758 0.087293 0.0875372 0.08523 0.0871552 0.0873346 0.0872634 0.0875264 0.0872246 0.0880159 0.0865992 0.087096 0.0857938 0.0854779 0.0870862 0.087067 0.087085 0.0850526 0.0865901 0.0870608 0.0871399 0.0868858 
******************************************************
******************************************************

TrainError:
0.0857711 0.0858431 0.0859353 0.0858688 0.0867165 0.0859206 0.087427 0.085371 0.0868126 0.0863515 0.0858696 0.0870589 0.0866828 0.0857677 0.0863514 0.0855646 0.0864202 0.0854321 0.0870117 0.0866291 0.0864265 0.0866337 0.0863379 0.0859915 0.0867859 0.0857839 0.0867744 0.0864975 0.0855079 0.0873937 0.0867733 0.086515 0.086545 0.0857272 0.0862252 0.0856776 0.0869962 0.0860521 0.0873267 0.0850411 0.0881547 0.0857776 0.0856577 0.0860781 0.0869205 0.0866503 0.0867666 0.0867659 0.0868607 0.0852724 
******************************************************
******************************************************

TrainError:
0.0841381 0.085636 0.0863164 0.0861107 0.0857973 0.0858925 0.0858491 0.0862268 0.085832 0.0861115 0.0861165 0.0852264 0.0857938 0.0858099 0.086118 0.0863791 0.085808 0.0864807 0.0863314 0.0855088 0.0860291 0.0856449 0.0852718 0.0855497 0.0859478 0.0857716 0.0865213 0.0861222 0.0861225 0.0861649 0.0857859 0.0858497 0.0858023 0.0853514 0.0866377 0.0854756 0.085468 0.085947 0.0859097 0.0853668 0.0859358 0.0866965 0.0858059 0.0866025 0.0858609 0.0851709 0.0859589 0.0860662 0.0845637 0.0859598 0.0860441 0.0861934 0.0856321 0.0855304 0.0862121 0.0864239 0.0863588 0.0862008 0.0857317 0.0858879 0.0855935 0.0857739 0.086214 0.0858099 0.0857381 0.0852443 0.086383 0.0861949 0.0856861 0.0855826 0.0861987 0.0852155 0.0859918 0.0858328 0.0857605 0.0855939 0.0856459 0.0853945 0.0848803 0.0857175 0.0857963 0.0859023 0.0861323 0.0864975 0.0853962 0.0855283 0.0855119 0.085589 0.085621 0.0849433 0.0859454 0.0859917 0.0859188 0.0854625 0.0858111 0.086364 0.0860242 0.0863014 0.0858656 0.0856939 
******************************************************
******************************************************

TrainError:
0.0839574 0.0836832 0.0849654 0.0852329 0.0855332 0.0849279 0.0847452 0.0850485 0.0833721 0.0849045 0.0862824 0.0856652 0.0836511 0.0845416 0.0868496 0.0859652 0.0847488 0.0857878 0.0879482 0.0857949 0.0867995 0.0866062 0.0865606 0.0854746 0.0857439 0.0840436 0.0840448 0.0847268 0.0857342 0.0846627 0.0856836 0.0844291 0.0859117 0.085854 0.0843083 0.0835681 0.0846977 0.0838481 0.0855558 0.0850844 0.0851511 0.0855805 0.0856074 0.0844279 0.0842437 0.0849617 0.084619 0.0854121 0.0869239 0.0854489 0.0885168 0.0853689 0.0839725 0.0872934 0.0838329 0.0847996 0.0888292 0.0852597 0.0863318 0.0846929 0.0864594 0.08333 0.085668 0.0829298 0.0838564 0.0849271 0.0838882 0.0831451 0.0851965 0.0863488 0.0819532 0.0844083 0.0861049 0.087568 0.0868188 0.086634 0.0855698 0.0847436 0.085643 0.0828874 0.0843949 0.0853109 0.0831257 0.0857921 0.0877981 0.0834503 0.0870248 0.0847132 0.0847996 0.0865212 0.0855427 0.0837878 0.0862957 0.084161 0.085399 0.0857971 0.0870228 0.0839467 0.0851339 0.0850203 
******************************************************
******************************************************

TrainError:
0.0833188 0.0862517 0.084948 0.0860662 0.0851454 0.0843092 0.0841917 0.0861129 0.0841539 0.0852277 0.084084 0.0857552 0.0839351 0.0862771 0.0847995 0.0853586 0.0836852 0.0869809 0.0840218 0.0849969 0.0851341 0.0847185 0.0874331 0.0831542 0.0840392 0.0844114 0.0833709 0.0860644 0.0861217 0.0854174 0.0841799 0.0873982 0.0861244 0.0845057 0.084051 0.0861183 0.0855973 0.0861718 0.0841479 0.0832699 0.0844182 0.0819846 0.0850936 0.087028 0.08605 0.0834593 0.0849362 0.0828453 0.0845574 0.087044 0.0846971 0.0850497 0.0863651 0.0850308 0.0840328 0.0833836 0.0841005 0.0851264 0.0838392 0.0853421 0.0844636 0.0867545 0.0852837 0.0839356 0.0868564 0.0864924 0.0847417 0.0830534 0.0848731 0.0854169 0.0846439 0.0852693 0.0842104 0.0849755 0.0847457 0.083279 0.0856555 0.0866506 0.0849907 0.0859344 0.0851238 0.0834326 0.084281 0.0869103 0.0839318 0.0856046 0.0864862 0.086242 0.083851 0.0843592 0.0827221 0.0864926 0.08473 0.0844409 0.0841934 0.0846209 0.0853488 0.0843308 0.0862283 0.0850923 
******************************************************
******************************************************

TrainError:
0.0867775 0.086589 0.0878521 0.0873173 0.0830046 0.0853385 0.0848463 0.0862508 0.0863343 0.0877765 0.0847461 0.0860262 0.08665 0.0883121 0.0897451 0.0859508 0.0860538 0.088926 0.0876202 0.0865519 0.0834338 0.085817 0.0864654 0.0888275 0.0864084 0.0858994 0.0860145 0.0851306 0.0836168 0.0872676 0.0872922 0.0887144 0.0873747 0.0895043 0.0868621 0.0878611 0.0858593 0.0859516 0.0859886 0.0865735 0.0846409 0.0856781 0.0863555 0.0872125 0.08743 0.085099 0.0884505 0.0864681 0.0874946 0.0860809 0.0875184 0.0834645 0.0868072 0.0885024 0.086941 0.0854641 0.0863273 0.0851951 0.0872308 0.0880225 0.0876046 0.0861817 0.0868147 0.0879677 0.0872846 0.0851334 0.0848801 0.08728 0.087959 0.0890103 0.0867254 0.0875257 0.0862877 0.0884356 0.086595 0.0873985 0.0865333 0.0866297 0.0885994 0.0851441 0.0834368 0.0850527 0.0855966 0.0865617 0.0882443 0.0864355 0.0860066 0.0852617 0.0896133 0.087037 0.0851282 0.086032 0.0868483 0.0887164 0.0863675 0.0868329 0.0850898 0.0886509 0.0879546 0.0866431 
******************************************************
******************************************************

TrainError:
0.0837878 0.081028 0.0852052 0.085269 0.0843074 0.083326 0.0834687 0.0836193 0.0854947 0.0851707 0.0839652 0.0824087 0.0847312 0.0856672 0.0848902 0.0841716 0.0836655 0.0849755 0.0855196 0.0841088 0.0843005 0.0835793 0.0831564 0.0830562 0.0839758 0.0839038 0.0837082 0.0840727 0.0848909 0.0828646 0.0836382 0.0852876 0.084744 0.0859127 0.0836628 0.0850784 0.0830318 0.0844075 0.0846265 0.0849732 0.0845576 0.0849935 0.0829673 0.0845684 0.0857365 0.0852927 0.0846657 0.0838803 0.0833388 0.0838543 0.0854105 0.0846653 0.0837666 0.0848215 0.083901 0.0836635 0.084341 0.0852084 0.0828664 0.0854814 0.0848069 0.0846445 0.0850044 0.085288 0.0844934 0.0843547 0.0845279 0.0854915 0.0845646 0.085494 0.0847297 0.0848609 0.0854864 0.084585 0.0846257 0.085101 0.0846086 0.0840197 0.0841297 0.0837417 0.0851745 0.0840839 0.0848803 0.084338 0.0843729 0.084332 0.0844224 0.0846149 0.0851844 0.0841416 0.0854748 0.08551 0.0849618 0.0847021 0.0842751 0.0853209 0.0840667 0.0839509 0.0844076 0.0845507 
******************************************************
******************************************************

TrainError:
0.0828491 0.0839863 0.0851548 0.0833474 0.0843249 0.083947 0.083655 0.083871 0.0836996 0.0852172 0.0847331 0.0843618 0.0852915 0.0847243 0.0831406 0.0848713 0.0845465 0.084832 0.0828789 0.0843008 0.0850453 0.0851334 0.0849904 0.084031 0.0847119 0.084629 0.0848651 0.0834198 0.0840463 0.0853327 0.08368 0.08412 0.0850925 0.085219 0.0849398 0.0842895 0.0851083 0.0838811 0.0840251 0.0849181 0.0859089 0.0846238 0.0849898 0.0841506 0.0844091 0.0849287 0.0839652 0.0848098 0.0843675 0.0846412 0.0850044 0.0844144 0.08383 0.0850006 0.0819041 0.0845573 0.0836813 0.0835618 0.0850949 0.0849182 0.084473 0.084274 0.0848377 0.0845122 0.0846018 0.0839809 0.0853864 0.0840147 0.0839428 0.0851098 0.084906 0.0845313 0.0846516 0.0838353 0.0848799 0.0844993 0.0836925 0.0834266 0.0838522 0.0849419 0.0854571 0.0845284 0.0845755 0.085222 0.0848628 0.0851634 0.084696 0.084868 0.0846972 0.083805 0.0847794 0.084166 0.0841896 0.0837767 0.0839343 0.0842288 0.084719 0.0843373 0.0841404 0.084922 
******************************************************
******************************************************

TrainError:
0.0838773 0.0838492 0.0837132 0.0818843 0.0836688 0.084476 0.0853362 0.0850358 0.0835636 0.0840079 0.0842479 0.0846135 0.0849623 0.086004 0.0845261 0.0860052 0.0843154 0.0845255 0.0846533 0.0842415 0.0843041 0.0838606 0.0838715 0.0839484 0.0855668 0.0854517 0.083306 0.083167 0.0849078 0.0847536 0.0853648 0.0865392 0.0852646 0.0838769 0.0849227 0.0855063 0.084592 0.0846265 0.0827427 0.0842476 0.0843719 0.0841897 0.0831672 0.0854047 0.0848457 0.0840034 0.0851216 0.0855304 0.0852165 0.0852406 0.0849883 0.0840885 0.084281 0.08358 0.0839588 0.0855302 0.0851567 0.0858291 0.083749 0.0819908 0.0846726 0.0850901 0.0849297 0.0852274 0.0847849 0.0841809 0.0848326 0.0846173 0.0853542 0.0843957 0.0835495 0.0839823 0.0847394 0.0841879 0.0837462 0.0848931 0.0855858 0.0846351 0.0846687 0.0833252 0.085623 0.0848967 0.0847024 0.083416 0.083031 0.0855308 0.0850333 0.0865912 0.0847745 0.0847845 0.0850148 0.0853484 0.0852855 0.08498 0.0851077 0.0845747 0.0837371 0.0848986 0.0856572 0.0837253 
******************************************************
******************************************************

TrainError:
0.0828665 0.0847722 0.0848 0.0838501 0.0844267 0.083416 0.0850056 0.0851438 0.0840913 0.0838952 0.0855022 0.083996 0.0849038 0.0849879 0.084938 0.0856137 0.0832166 0.0842562 0.084999 0.0856192 0.0849906 0.0846401 0.0845889 0.0852922 0.0846425 0.0849326 0.0851603 0.0844424 0.0839731 0.0845861 0.0841688 0.0839646 0.0847065 0.0849513 0.0846497 0.0850377 0.0818564 0.0852218 0.0846304 0.0844172 0.0840382 0.0851433 0.0844152 0.0848413 0.0850984 0.0844328 0.0844011 0.0845775 0.0834246 0.0846365 0.0842555 0.0847985 0.0847594 0.0851101 0.0851693 0.0852821 0.08479 0.0839546 0.084223 0.0843841 0.0851336 0.0851072 0.0839773 0.0837068 0.0842132 0.0841591 0.0852017 0.0849466 0.0848956 0.0837978 0.0852896 0.0839799 0.0848267 0.0844161 0.0846958 0.0838975 0.0829316 0.0856045 0.0849594 0.0851375 0.0848347 0.0841577 0.0848285 0.0842714 0.0862334 0.084423 0.0841051 0.0833596 0.0839825 0.0854651 0.0847764 0.0824489 0.0860955 0.0851043 0.0843731 0.0834825 0.0850891 0.083874 0.0851724 0.0846967 
******************************************************
******************************************************

TrainError:
0.0832699 0.0843117 0.0844962 0.0843817 0.0850655 0.0839383 0.0845282 0.083512 0.0846682 0.0837143 0.0843224 0.0847773 0.0846057 0.0840442 0.0842629 0.0851137 0.0842152 0.0853148 0.0841146 0.0834574 0.0856074 0.0850286 0.0842088 0.0837103 0.0847685 0.0841268 0.083972 0.0840095 0.0841652 0.0819788 0.0842718 0.0852504 0.0830079 0.0849991 0.0842434 0.0843422 0.0828982 0.0842283 0.0851263 0.0849931 0.0846284 0.0841856 0.0846648 0.0842613 0.0840777 0.0831832 0.0844739 0.0834337 0.0840415 0.0841376 0.0848816 0.0849799 0.0850844 0.0851792 0.085523 0.0841847 0.0850803 0.0853069 0.0845625 0.0827904 0.0843216 0.0849231 0.0838025 0.0852216 0.0836515 0.0853711 0.0844026 0.0836544 0.0855598 0.0842665 0.0849041 0.082749 0.0851239 0.084561 0.0854794 0.0829261 0.0830776 0.0853416 0.0846392 0.0831241 0.0830104 0.082674 0.0849107 0.084272 0.0827674 0.0846387 0.084894 0.0838566 0.0844009 0.0839781 0.0847305 0.0852033 0.084926 0.0842092 0.084812 0.0837541 0.0838723 0.0846 0.0836852 0.0841005 
******************************************************
******************************************************

TrainError:
0.0842719 
******************************************************
******************************************************

TrainError:
0.0826776 
******************************************************
******************************************************

TrainError:
0.0838697 
******************************************************
******************************************************

TrainError:
0.083267 
******************************************************
******************************************************

TrainError:
0.0833169 
******************************************************
******************************************************

TrainError:
0.0828127 
******************************************************
******************************************************

TrainError:
0.0838835 
******************************************************
******************************************************

TrainError:
0.0832827 
******************************************************
******************************************************

TrainError:
0.0821518 
******************************************************
******************************************************

TrainError:
0.084306 
******************************************************
******************************************************

TrainError:
0.0829459 
******************************************************
******************************************************

TrainError:
0.0830271 
******************************************************
******************************************************

TrainError:
0.0825116 
******************************************************
******************************************************

TrainError:
0.083185 
******************************************************
******************************************************

TrainError:
0.0830802 
******************************************************
******************************************************

TrainError:
0.0830549 
******************************************************
******************************************************

TrainError:
0.0827525 
******************************************************
******************************************************

TrainError:
0.0840025 
******************************************************
******************************************************

TrainError:
0.083072 
******************************************************
******************************************************

TrainError:
0.08302 
******************************************************
******************************************************

TrainError:
0.0843866 
******************************************************
******************************************************

TrainError:
0.0843045 
******************************************************
******************************************************

TrainError:
0.0833603 
******************************************************
******************************************************

TrainError:
0.0830411 
******************************************************
******************************************************

TrainError:
0.0830676 
******************************************************
******************************************************

TrainError:
0.0828902 
******************************************************
******************************************************

TrainError:
0.0834809 
******************************************************
******************************************************

TrainError:
0.0828324 
******************************************************
******************************************************

TrainError:
0.0832308 
******************************************************
******************************************************

TrainError:
0.0898936 0.0891151 0.0908747 0.0901569 0.0907917 0.0914293 0.091045 0.0887879 0.0888186 0.0921241 0.0880425 0.0894799 0.088988 0.0895214 0.0866456 0.0897038 0.0904172 0.0877164 0.0902272 0.0893238 0.0883271 0.0885739 0.0906068 0.0900344 0.0898961 0.0893194 0.0894968 0.0908294 0.0903157 0.0876914 0.0900582 0.0906793 0.0876598 0.0888811 0.0886235 0.090654 0.088683 0.0897192 0.0898343 0.0910671 0.0899665 0.0866556 0.0916171 0.0892395 0.0895867 0.0901368 0.088642 0.0869541 0.0908169 0.0878129 0.0886247 0.0870271 0.0909431 0.0887339 0.090028 0.0888176 0.0880837 0.0908459 0.0899372 0.0897208 0.08979 0.0890278 0.0898314 0.0890821 0.0890583 0.0886624 0.0899446 0.0899655 0.0882416 0.0897399 0.0907846 0.089542 0.0901126 0.0900538 0.0917804 0.0901359 0.0877182 0.0892895 0.0879292 0.0907632 0.0885164 0.0903313 0.088237 0.0908796 0.0898534 0.0884294 0.0899717 0.0908621 0.090999 0.0894596 0.0906192 0.0908994 0.0887725 0.0912065 0.0883604 0.0888992 0.0894313 0.0878049 0.0918557 0.0881623 
******************************************************
******************************************************

TrainError:
0.0847692 0.0864915 0.0863801 0.0860027 0.0862978 0.0860942 0.08575 0.0857661 0.0864685 0.0867899 0.0862255 0.0865285 0.0862729 0.085688 0.0864549 0.086357 0.0862664 0.0861764 0.0862698 0.0859045 0.0863533 0.0859347 0.0855758 0.0859494 0.0866171 0.0850008 0.0852284 0.0857425 0.0855627 0.0858574 0.0861265 0.0862417 0.0858347 0.0862055 0.0856983 0.08512 0.0866723 0.0855017 0.0858027 0.0856522 0.086396 0.086837 0.0859843 0.086652 0.0863869 0.0867624 0.0868394 0.0864911 0.0863307 0.0860279 0.0859101 0.0861065 0.0865944 0.0864648 0.0868301 0.0866494 0.0858895 0.0863435 0.0860684 0.0861924 0.0855142 0.0864535 0.0865428 0.0857278 0.0846875 0.0859432 0.0858628 0.0864508 0.0865935 0.0854383 0.0866044 0.0861538 0.0864091 0.086264 0.0856483 0.0865647 0.0852661 0.086231 0.0864649 0.0864476 0.0859301 0.0860674 0.0860581 0.0858682 0.0858881 0.0862293 0.0860471 0.0863529 0.0851786 0.0862434 0.0864253 0.0863265 0.0856498 0.0855653 0.0867822 0.0861947 0.0865392 0.0860211 0.086283 0.0865269 
******************************************************
******************************************************

TrainError:
0.0884645 0.0895122 0.0872106 0.0889706 0.0897601 0.089515 0.0890012 0.0892954 0.0874907 0.0891819 0.0893564 0.0884859 0.0897167 0.0887348 0.0889816 0.0888386 0.0893439 0.0868406 0.0876773 0.0854872 0.0909257 0.0891608 0.0875831 0.0886406 0.0892244 0.0854245 0.0902503 0.0889412 0.0881909 0.0852602 0.0883709 0.0866085 0.0877244 0.0898747 0.089109 0.0880264 0.0888461 0.0907416 0.0884962 0.0883721 0.0907595 0.0864178 0.0874008 0.0890093 0.0903683 0.0880116 0.0888752 0.0861137 0.0869246 0.0878072 0.0877389 0.0885148 0.0883284 0.0891332 0.087505 0.0894702 0.0901008 0.0886075 0.0884425 0.0884235 0.088939 0.0879749 0.0888078 0.0870686 0.0875553 0.0872881 0.0895316 0.0889035 0.0886924 0.087917 0.0881238 0.0879678 0.0897544 0.0883897 0.0876866 0.0885986 0.0891773 0.0899119 0.0895151 0.0865775 0.0876309 0.0900835 0.0886872 0.0900323 0.089034 0.0877606 0.0888355 0.0865574 0.0886753 0.0892308 0.0890301 0.0889102 0.0887202 0.0879783 0.0881674 0.0878939 0.0880042 0.0889917 0.0881026 0.0892434 
******************************************************
******************************************************

TrainError:
0.0847717 0.0862384 0.0853569 0.0858524 0.0885599 0.0863137 0.0858553 0.0869501 0.0862446 0.086772 0.0863417 0.0861433 0.0862336 0.086517 0.0870138 0.0870601 0.0868333 0.085779 0.0864625 0.0864048 0.0869621 0.0879448 0.0864163 0.0865028 0.0863113 0.0861651 0.087122 0.0871408 0.0859884 0.0866353 0.0874938 0.0856517 0.0867767 0.0861058 0.0858294 0.0856593 0.0860307 0.0856109 0.0855978 0.08695 0.0857702 0.0860003 0.0864089 0.0853041 0.0868668 0.0861083 0.0859436 0.086872 0.0867332 0.086215 0.0852919 0.0859397 0.0857074 0.085945 0.0864587 0.0863355 0.0857796 0.0858353 0.0862229 0.0867458 0.0867591 0.0861769 0.0859118 0.0854753 0.0871052 0.0861943 0.0864444 0.0871436 0.0855068 0.086265 0.08688 0.0863702 0.0855896 0.0862188 0.0854834 0.0862205 0.0856974 0.0872865 0.0853386 0.0852859 0.086858 0.0866846 0.0871674 0.0854294 0.0861333 0.0864445 0.0866331 0.0875191 0.0863419 0.0870031 0.0857439 0.0866589 0.0869073 0.0876564 0.0867258 0.0856598 0.0855731 0.0871748 0.086272 0.0877386 
******************************************************
******************************************************

TrainError:
0.0876576 0.0883184 0.0889771 0.0900582 0.090145 0.0888223 0.0890413 0.0877 0.0896921 0.087682 0.0903093 0.089791 0.0879888 0.087799 0.086964 0.0870237 0.0891149 0.0893656 0.0895185 0.0878582 0.087885 0.0841611 0.0896562 0.087478 0.0869607 0.0868053 0.0874592 0.0889661 0.0875674 0.0887132 0.0878679 0.0889744 0.0898257 0.0891415 0.0892613 0.0869904 0.0906193 0.0900316 0.088837 0.0886893 0.0889038 0.0888214 0.0883438 0.0888151 0.089391 0.0866868 0.0900677 0.0873757 0.0893257 0.0898098 0.0875137 0.0863627 0.0879657 0.0881485 0.0878376 0.089121 0.0869487 0.0898344 0.0892926 0.0883115 0.0885457 0.089977 0.0889032 0.0880652 0.0891675 0.0881193 0.0871179 0.0885116 0.0859148 0.0875456 0.0880156 0.0877751 0.0882224 0.0883037 0.0886649 0.0880698 0.0892592 0.0877561 0.0907775 0.0897207 0.086579 0.08883 0.0870599 0.0887612 0.0859548 0.0896695 0.0856293 0.0868146 0.0909884 0.0883219 0.0893155 0.0910151 0.0871342 0.0879794 0.0881388 0.0912476 0.0891639 0.0873751 0.0907911 0.0888362 
******************************************************
******************************************************

TrainError:
0.0845399 0.0892508 0.0880274 0.0896427 0.0865386 0.0882813 0.0872763 0.088816 0.0883672 0.0878033 0.0877099 0.0895199 0.0863899 0.0857474 0.0893757 0.0857373 0.0858769 0.0885356 0.0882211 0.0871586 0.0879339 0.0893739 0.0878639 0.0871125 0.0880183 0.0885636 0.0877463 0.0886814 0.0873545 0.0902363 0.0887425 0.0875086 0.0871313 0.0896018 0.0882539 0.0879446 0.0895244 0.0879439 0.0867697 0.0884108 0.0869551 0.0898017 0.0871677 0.089927 0.0890249 0.0886807 0.0903101 0.0886595 0.0902994 0.0885164 0.0891121 0.089146 0.0874266 0.0880213 0.0877591 0.0899245 0.0885316 0.0877061 0.0898221 0.0899893 0.0854057 0.0869238 0.0885643 0.087936 0.0888679 0.088148 0.0888741 0.0878587 0.0878072 0.0882045 0.0887674 0.0885191 0.0883974 0.0872307 0.0903521 0.0866214 0.0877298 0.0891733 0.0887851 0.0907093 0.0881416 0.0897927 0.0871108 0.0890888 0.0886641 0.087823 0.0862723 0.0877455 0.0877177 0.085763 0.0868501 0.088356 0.0872154 0.0870833 0.0875477 0.0877527 0.0888195 0.0891591 0.0881807 0.0880435 
******************************************************
******************************************************

TrainError:
0.0851632 0.085284 0.0858034 0.0860426 0.0858219 0.0858451 0.0852361 0.0862278 0.0860674 0.0852129 0.0861754 0.0856869 0.0871815 0.0864477 0.086526 0.086326 0.0861244 0.0862054 0.0861199 0.0862593 0.0861757 0.0854381 0.0856254 0.0860155 0.0857909 0.0855161 0.0854091 0.085775 0.0850786 0.0859236 0.0860876 0.0864625 0.0859968 0.0861198 0.0859884 0.0867064 0.0853457 0.0854201 0.0859922 0.0852595 0.0862715 0.0863829 0.0864509 0.086443 0.0868271 0.0861747 0.0863771 0.0861523 0.0854785 0.0857822 0.0860203 0.0862073 0.085841 0.0857803 0.0854237 0.0861872 0.0857958 0.0858056 0.086372 0.0862686 0.0861322 0.0857062 0.0869809 0.0868589 0.0865785 0.0853653 0.0850843 0.0866295 0.0854608 0.0866479 0.086278 0.0856356 0.0854538 0.08576 0.0860418 0.0855903 0.086439 0.0860569 0.0850622 0.0852575 0.0852657 0.0857864 0.0864364 0.0862851 0.0860945 0.085879 0.0863633 0.0866845 0.0860826 0.0853889 0.0860191 0.0855899 0.0861836 0.0862528 0.0868234 0.0860694 0.0856487 0.0853135 0.0852188 0.0859858 
******************************************************
******************************************************

TrainError:
0.0866343 0.0887405 0.0903709 0.0893254 0.088109 0.0893589 0.0890872 0.0865138 0.088757 0.0910811 0.0884583 0.0895693 0.089853 0.0897875 0.089673 0.0888664 0.0889407 0.0887903 0.0887975 0.0894081 0.0900093 0.089683 0.0903612 0.0892458 0.0881446 0.0895177 0.0890014 0.0874174 0.0896896 0.0889367 0.0838316 0.0896125 0.0896294 0.0885547 0.0897316 0.0869483 0.0885693 0.0901192 0.0902889 0.0896883 0.090475 0.0881659 0.0896803 0.0910748 0.0888822 0.0897199 0.0915068 0.0894785 0.088047 0.0896984 0.0873402 0.0872039 0.0901533 0.0880572 0.0898379 0.0912491 0.0899267 0.0890004 0.0879347 0.0886402 0.0894484 0.0877256 0.0887974 0.0888906 0.0891772 0.0894633 0.087946 0.09115 0.08906 0.0891487 0.0916713 0.0877465 0.0886683 0.0904293 0.0885019 0.0901084 0.0891496 0.0887027 0.0892812 0.0888304 0.088314 0.0895236 0.0885534 0.0880136 0.0865269 0.0879387 0.0898068 0.0894526 0.0892342 0.0885254 0.0889191 0.0910759 0.089859 0.0890745 0.0893066 0.0879102 0.090022 0.0893829 0.0898438 0.0905402 
******************************************************
******************************************************

TrainError:
0.0850408 0.0867037 0.0863635 0.0865527 0.0868206 0.085976 0.0863684 0.0856493 0.0867311 0.0863672 0.0864358 0.0868066 0.0859415 0.0869027 0.0855441 0.0872501 0.0852535 0.0869131 0.0869869 0.0859948 0.0871548 0.0864392 0.0865176 0.0876357 0.0855413 0.0872989 0.0863631 0.0864129 0.0857578 0.087835 0.0857331 0.0856604 0.0867454 0.0873795 0.0866567 0.0868384 0.0856968 0.087105 0.087428 0.086278 0.0865549 0.0863415 0.0866665 0.0865037 0.0860451 0.0874188 0.0851455 0.0875143 0.0861025 0.08787 0.0868649 0.0853593 0.0874309 0.0858466 0.08667 0.0872567 0.0859141 0.0864019 0.0861696 0.0862255 0.0861158 0.0873018 0.0869517 0.085963 0.0869166 0.0864284 0.0863481 0.08667 0.0872534 0.0856404 0.0855893 0.0857927 0.086236 0.0856541 0.0875884 0.0862707 0.0867174 0.0868041 0.0864561 0.0865056 0.0877704 0.08467 0.0867733 0.0847538 0.0872258 0.0867116 0.0873341 0.0861144 0.0859916 0.0866433 0.0857903 0.0865578 0.0877962 0.0867107 0.087589 0.0852895 0.0862703 0.0866994 0.0860759 0.0866021 
******************************************************
******************************************************

TrainError:
0.0842904 0.0858401 0.0854697 0.085929 0.0849407 0.0860862 0.0855854 0.0848083 0.0859118 0.086242 0.0856798 0.0845627 0.0860286 0.0860799 0.0849709 0.0857944 0.0857964 0.0859476 0.0856835 0.0858104 0.0865174 0.0854214 0.0862985 0.0852485 0.0859871 0.085553 0.085436 0.0853844 0.0854994 0.0858679 0.085484 0.0859584 0.0863058 0.0850383 0.0860298 0.0858666 0.0858941 0.0849384 0.0844631 0.0856602 0.0855134 0.0860712 0.0850803 0.0857226 0.0860342 0.0853557 0.0854727 0.0860081 0.0860052 0.0853565 0.0860109 0.0850553 0.0863047 0.0846759 0.0861465 0.0861315 0.0860285 0.0858383 0.0863342 0.0849413 0.0861085 0.0854863 0.0857352 0.0856972 0.0854152 0.0855039 0.0858539 0.085069 0.0859323 0.0857694 0.0855774 0.0855428 0.0861246 0.0854971 0.0854556 0.085473 0.0854582 0.0863887 0.0855959 0.0860495 0.0853993 0.085877 0.0854443 0.0852538 0.0861995 0.0857679 0.0854668 0.0856498 0.0860977 0.0861884 0.0857349 0.0861029 0.0860119 0.0857988 0.0857529 0.0855134 0.0852799 0.0859141 0.0859457 0.0859085 
******************************************************
